%YAML:1.0
aw--64x144--: !!opencv-object-detector-hog
   winSize: [ 64, 144 ]
   blockSize: [ 16, 16 ]
   blockStride: [ 8, 8 ]
   cellSize: [ 8, 8 ]
   nbins: 9
   derivAperture: 1
   winSigma: 4.
   histogramNormType: 0
   L2HysThreshold: 2.0000000000000001e-01
   gammaCorrection: 1
   nlevels: 64
   signedGradient: 0
   SVMDetector: [ -1.83267165e-02, 4.55883844e-03, -4.42927331e-02,
       8.34336024e-05, -1.09374924e-02, 1.39890527e-02, 2.92797922e-03,
       -3.91391292e-03, -1.24248751e-02, 3.03719961e-03, 2.02365946e-02,
       -6.29940303e-03, 1.44054666e-02, -1.20645976e-02, -8.58691800e-03,
       -4.54592286e-03, -1.41049698e-02, 1.97636392e-02, -9.92258824e-03,
       5.36056608e-03, -1.76807512e-02, 2.14825999e-02, 1.00054583e-02,
       -1.00213953e-03, 1.56724040e-04, 1.53086875e-02, 1.34555087e-03,
       -1.00228628e-02, 2.26903167e-02, -1.50835374e-03, 3.75643522e-02,
       -2.32426939e-03, 2.74429508e-02, 3.16273198e-02, 1.39089776e-02,
       -5.38351573e-03, -1.37740867e-02, 5.33856219e-03, -2.37692948e-02,
       -2.09264904e-02, 9.23819467e-03, -3.85629274e-02, -1.74120031e-02,
       -2.76111369e-03, 8.73361714e-03, -2.40811985e-02, 1.07328380e-02,
       -2.81349625e-02, -4.42176871e-03, 5.71203744e-03, -6.68697292e-04,
       1.26761757e-02, 1.64080169e-02, 1.98607109e-02, -1.85921676e-02,
       1.79856818e-03, -7.25317933e-03, -2.29557585e-02, 1.31119117e-02,
       1.99249783e-03, -1.06399804e-02, -5.18556917e-03, 2.44941725e-03,
       2.26655765e-03, 3.25505845e-02, -2.59484560e-03, -6.80074375e-03,
       -2.29011774e-02, 1.65438801e-02, -2.07254495e-02, -2.87876721e-03,
       6.74674613e-03, -1.67944357e-02, -1.93090774e-02, -8.09011888e-03,
       -2.20707506e-02, 2.82209949e-03, -1.39117213e-02, -1.91398140e-03,
       -8.51355086e-04, 1.32588495e-03, 2.59521138e-02, 2.23096870e-02,
       5.60431462e-03, -2.01187544e-02, -1.82228815e-03, -1.95743870e-02,
       -1.81384236e-02, -1.44833196e-02, -3.93090351e-03,
       -6.19396614e-03, 1.64237618e-02, 9.64074954e-03, -6.74778689e-03,
       7.94234127e-03, -2.33115610e-02, 2.19459296e-03, 1.21568155e-03,
       -4.24808823e-03, 1.31759094e-02, 4.57953587e-02, 2.39428412e-02,
       2.59969127e-03, 1.17576011e-02, -1.90832261e-02, -4.52974951e-03,
       2.20855679e-02, 9.96167306e-03, 1.61784589e-02, 1.96426585e-02,
       -1.81656536e-02, -5.08993305e-03, 1.35590062e-02, -2.35546827e-02,
       2.51108990e-03, -1.14149712e-02, -5.28317550e-03, 1.63875520e-02,
       3.65541019e-02, -9.19397734e-03, 1.36727784e-02, 4.53605689e-03,
       -2.18537804e-02, -7.34113739e-04, -2.77063320e-03,
       -1.61787793e-02, -1.67477857e-02, 2.73269452e-02, 9.87035339e-04,
       -1.01652863e-02, 1.31322332e-02, -6.47187373e-03, 3.26656438e-02,
       9.77291819e-03, 7.19769252e-03, 2.30537951e-02, 4.70037237e-02,
       2.48061009e-02, -1.63906701e-02, 5.10735577e-03, -2.41360366e-02,
       1.46456286e-02, 1.47291012e-02, 3.07476260e-02, 2.77100299e-02,
       1.33392569e-02, -8.19972530e-03, -1.37182511e-03, 7.52569223e-03,
       -3.37090753e-02, -6.47031749e-03, -1.59494011e-05, 1.05760396e-02,
       6.67164894e-03, 1.80392545e-02, 6.28330279e-03, 8.83254595e-03,
       2.04395391e-02, 9.74051654e-04, -1.11285551e-02, 1.46293212e-02,
       2.84301620e-02, -1.53371133e-02, -9.07497946e-03, -2.82737799e-02,
       -2.79582031e-02, -4.06797742e-03, -8.95828288e-03, 2.44570989e-02,
       4.42704791e-03, 2.59619672e-02, 2.23703170e-03, 4.18476854e-03,
       -1.37014361e-02, -1.28683988e-02, -4.35428740e-03,
       -1.39706326e-03, 7.33206142e-03, 9.65484697e-03, 3.63892466e-02,
       1.39655648e-02, 6.88617630e-03, 1.31702945e-02, 2.73318011e-02,
       1.88573431e-02, -1.28889212e-03, -1.89752560e-02, 2.87824757e-02,
       4.41487469e-02, -1.10814220e-03, 2.55047483e-03, 3.82809807e-03,
       1.35674104e-02, -8.63990746e-03, 1.60792004e-02, -7.49603938e-03,
       2.88661830e-02, 2.78778002e-03, -1.33995069e-02, 6.21289582e-05,
       1.15302466e-02, -1.76540446e-02, 9.90124047e-03, -2.91567780e-02,
       -1.02341706e-02, 8.61399155e-03, 2.72677578e-02, -1.48939984e-02,
       1.03026070e-02, 5.60271693e-03, -1.13817258e-02, -4.51996317e-03,
       -9.64589883e-03, 1.04280561e-02, 1.56200249e-02, -1.33066382e-02,
       4.07251529e-03, 9.30118933e-03, -7.10811745e-03, 1.23789441e-02,
       2.65134219e-02, 2.77082231e-02, -3.96819785e-02, -9.97096486e-03,
       1.54934796e-02, -9.16163623e-03, 1.08546289e-02, 1.71353910e-02,
       -3.25130858e-03, -8.71386006e-03, 2.62989406e-03, -3.39232907e-02,
       -2.44358648e-02, 1.34792114e-02, -2.06132769e-03, -4.73830476e-02,
       -2.71643456e-02, -9.41299554e-03, 3.40110734e-02, -1.07336761e-02,
       -9.34853684e-03, 7.61861773e-03, 1.71273854e-02, -7.20225228e-03,
       -1.96868442e-02, -2.41413936e-02, 4.72471723e-03, -4.07886785e-03,
       1.45584289e-02, -1.41833453e-02, 2.94733103e-02, -1.27182417e-02,
       -1.38717769e-02, -3.18780318e-02, -1.99927250e-03, 7.07927160e-03,
       -3.43311043e-03, -1.03823030e-02, -1.23636005e-02,
       -1.83499232e-02, 2.37522405e-02, -2.67971996e-02, -1.19792530e-02,
       -1.00631705e-02, -8.44514836e-03, 1.11321462e-02, 5.32646524e-03,
       -2.15420444e-02, -2.06129812e-02, 1.65386742e-03, -6.64608739e-03,
       -1.03606367e-02, 7.45102391e-03, 3.64492089e-02, -9.51661635e-03,
       1.01722581e-02, 1.41710844e-02, 3.60921212e-02, -7.77110364e-03,
       -2.64556147e-02, 8.84068105e-03, 4.34892904e-03, 1.27011212e-02,
       -2.11454872e-02, 1.85941439e-02, 2.21149065e-02, 2.70384103e-02,
       -1.46062113e-02, -1.65345222e-02, 3.70315672e-03, -1.51899271e-02,
       -8.07974860e-03, 1.48700830e-02, -7.62280636e-03, -2.37127040e-02,
       -2.58906018e-02, -1.29551692e-02, -6.22440083e-03,
       -2.33193189e-02, -4.46000416e-03, 2.23440472e-02, -1.44593772e-02,
       2.09660623e-02, -1.22624962e-02, -1.23121180e-02, -1.27842678e-02,
       2.34880932e-02, 4.73931991e-02, 2.12542829e-03, -9.26847663e-03,
       8.80028238e-04, 1.37499366e-02, 5.43009266e-02, 2.84397583e-02,
       9.17549897e-03, -3.11543941e-02, 1.33412434e-02, -8.94435681e-03,
       1.19917253e-02, -8.32638144e-03, 4.51182900e-03, 2.27065310e-02,
       1.84135623e-02, -2.41659787e-02, -1.93987321e-02, -3.28823105e-02,
       5.30548918e-04, 2.46406440e-02, 2.50618253e-02, 2.50299089e-02,
       7.52868550e-03, -1.95244681e-02, -5.86654758e-03, -1.14227850e-02,
       -2.19063666e-02, 1.04353460e-03, -6.35356270e-03, 2.96544563e-02,
       2.47387290e-02, -1.98728498e-02, -1.91876711e-03, 4.28971602e-03,
       1.18366536e-02, 9.15222708e-03, -2.05448549e-02, 2.00048760e-02,
       6.43120566e-03, -7.89926853e-04, -2.34825839e-03, 1.01522245e-02,
       1.40113942e-02, 2.83894304e-04, 9.54423100e-03, -3.93795371e-02,
       -3.33666033e-03, -2.08896212e-03, -9.82365943e-03,
       -9.67876706e-03, 2.97962688e-03, -1.75841479e-03, -2.03389525e-02,
       -1.50287226e-02, -1.31729264e-02, -8.46699532e-03, 1.61507411e-03,
       -1.43008982e-03, -2.70122364e-02, -1.04054986e-02,
       -4.10008384e-03, -8.54332373e-03, -6.50021248e-04,
       -2.07744306e-03, 2.69188974e-02, -1.00746816e-02, -2.03465577e-02,
       -4.32877801e-02, 5.59229264e-03, 3.34707811e-03, 1.26658417e-02,
       -2.04031100e-03, -1.77400764e-02, 1.46371545e-02, 2.60607451e-02,
       -1.12298075e-02, 1.95403639e-02, 2.15302352e-02, 1.70919001e-02,
       1.60088912e-02, 2.33276468e-02, -5.78966411e-03, 1.32424422e-02,
       1.88594114e-03, -2.24555982e-03, 2.86392849e-02, 2.07172539e-02,
       1.57245435e-02, -1.69793628e-02, 4.86614974e-03, -2.33169850e-02,
       2.04001144e-02, -6.02585822e-03, -2.96201315e-02, -3.64394002e-02,
       -1.34404115e-02, -1.64597407e-02, 1.31921237e-02, 1.81932617e-02,
       -3.01719923e-02, -1.37979537e-02, -8.67898483e-03, 2.35451646e-02,
       -3.34028080e-02, -2.51893736e-02, 1.12328799e-02, 2.73730736e-02,
       2.55694054e-02, -2.11494379e-02, 1.00990944e-02, 1.81551836e-03,
