%YAML:1.0
aw_f--64x144--: !!opencv-object-detector-hog
   winSize: [ 64, 144 ]
   blockSize: [ 16, 16 ]
   blockStride: [ 8, 8 ]
   cellSize: [ 8, 8 ]
   nbins: 9
   derivAperture: 1
   winSigma: 4.
   histogramNormType: 0
   L2HysThreshold: 2.0000000000000001e-01
   gammaCorrection: 1
   nlevels: 64
   signedGradient: 0
   SVMDetector: [ 1.07727908e-02, -2.79539917e-03, 1.66874565e-03,
       -6.27912860e-03, -5.44399349e-03, 1.78774670e-02, 6.81970175e-03,
       -1.98717546e-02, 8.82972090e-05, -4.79367212e-04, 1.84386671e-02,
       -2.48717773e-03, -4.59650671e-03, -1.85366552e-02, 2.11214535e-02,
       3.44852917e-02, 1.10771470e-02, -1.23323193e-02, -7.74924131e-03,
       3.15205520e-03, 7.65651837e-03, 1.44630549e-02, 3.17514725e-02,
       4.44959896e-03, 5.73605439e-03, 1.10305483e-02, 5.29743207e-04,
       4.21506306e-03, 1.13477921e-02, 9.47301090e-03, 2.44174199e-03,
       2.35573519e-02, 2.84480918e-02, 1.15368981e-02, 2.81934370e-03,
       1.44566374e-03, 5.69291506e-03, 1.24836722e-02, -1.29624298e-02,
       6.01987529e-04, -1.52349109e-02, 8.04472342e-03, 1.31601822e-02,
       1.24254469e-02, -1.81886107e-02, 4.21658605e-02, 1.77455693e-02,
       4.14548063e-04, 9.57646593e-03, 7.85562955e-03, -5.09163365e-03,
       4.37994953e-04, -7.96886161e-03, 8.34873877e-03, -5.46126394e-03,
       4.03084839e-03, -1.04730222e-02, -3.73776257e-02, -2.09410652e-03,
       4.60705999e-03, 3.05932295e-03, 1.89794302e-02, 1.59416348e-03,
       -1.48496851e-02, 2.70170867e-02, 1.47394538e-02, 1.55555904e-02,
       1.91960204e-03, -1.81214064e-02, -2.13582329e-02, 1.79043747e-02,
       2.30117645e-02, 1.49070490e-02, -4.35092766e-03, -2.50827149e-02,
       -2.53948811e-02, 1.03670107e-02, -4.39480040e-03, 1.66447053e-03,
       -8.24363902e-03, -2.67696590e-03, 4.56983427e-04, 8.25416390e-03,
       8.71465914e-03, -1.01857390e-02, 2.40429919e-02, -1.38912089e-02,
       -1.51116615e-02, -6.79353671e-03, -9.62149911e-03,
       -2.08297595e-02, -9.02797095e-03, 1.30557138e-02, -9.77436826e-03,
       3.87006532e-03, -1.16326753e-02, 2.24368349e-02, 2.01791469e-02,
       2.24796366e-02, -2.62407004e-03, 3.21246646e-02, 3.98430899e-02,
       5.85746532e-03, 1.80747118e-02, 9.46636312e-03, -2.03517172e-02,
       7.32853543e-03, -4.70444735e-04, 3.81853357e-02, 1.32661499e-02,
       -1.29658477e-02, -1.63424574e-02, -2.30130996e-03,
       -3.80861498e-02, -1.97667372e-03, 8.90283287e-03, 2.54295226e-02,
       2.30307113e-02, 2.70276573e-02, 1.67243909e-02, 1.22799613e-02,
       -8.85035750e-03, -1.94182117e-02, 6.57175295e-03, -6.24541380e-03,
       2.01559886e-02, 8.14361311e-03, 2.18026675e-02, 9.51236673e-03,
       -2.95249112e-02, 7.82835204e-03, 2.11937688e-02, 3.00881434e-02,
       3.02837160e-03, 8.10390525e-03, 5.32327872e-03, 3.82945947e-02,
       2.94489563e-02, -2.19292007e-02, -4.71946172e-04, 2.95079575e-04,
       -1.82473706e-03, -1.11568114e-03, 3.57536487e-02, 8.81753303e-03,
       -1.69187356e-02, 1.05365524e-02, 8.10479280e-03, 2.52078939e-02,
       -3.41222696e-02, 1.91963147e-02, 9.88909882e-03, 2.70840600e-02,
       -7.02339131e-03, 2.78752472e-04, 2.59439722e-02, 1.94208808e-02,
       1.86669342e-02, 1.02989972e-02, 9.36916471e-03, 2.65098661e-02,
       2.96726935e-02, 9.19037499e-03, 1.43072493e-02, 4.78892447e-03,
       -1.82924811e-02, -1.13505144e-02, -9.30539519e-03, 4.15067524e-02,
       -1.59046380e-04, 2.56029796e-02, 2.39270721e-02, 8.21033493e-03,
       6.66501606e-03, -2.39508878e-03, 1.19032785e-02, 2.01558191e-02,
       3.97678204e-02, 1.99421756e-02, 2.18347497e-02, 9.00752097e-03,
       -9.59750731e-04, -6.13213470e-03, 4.66990238e-03, 2.03164686e-02,
       -2.24156119e-02, -2.79401280e-02, 1.92245878e-02, 2.87316535e-02,
       -7.34742219e-03, 2.92139798e-02, -7.30499113e-03, -7.56001624e-04,
       -1.06988568e-03, -3.76802590e-03, -1.11405663e-02, 8.19500815e-03,
       -4.47514281e-03, 3.38185206e-02, -3.34032103e-02, -1.88025404e-02,
       -6.28333027e-03, 1.26235874e-03, -3.82864065e-02, -4.55598766e-03,
       -2.50078924e-03, 1.54454103e-02, 4.16274322e-03, -2.22457424e-02,
       3.01131001e-03, 1.50441891e-02, -5.71282161e-03, -2.04676874e-02,
       -7.35440059e-03, 1.85622741e-02, 8.17844924e-03, -5.60990209e-03,
       2.46718861e-02, 1.08641032e-02, 6.53883955e-03, 7.45019456e-03,
       7.20018288e-04, -1.07235722e-02, -2.29236558e-02, 1.21720647e-03,
       -1.98590010e-02, -6.74071023e-03, 1.65092815e-02, -9.20793787e-03,
       -1.17969522e-02, 3.03575792e-03, -2.27623228e-02, -1.98482219e-02,
       -6.32297155e-03, -5.57207968e-03, -8.74508359e-03,
       -3.32157197e-03, -5.56867989e-03, 3.28966114e-03, -7.03315577e-03,
       1.71701144e-02, 2.38760207e-02, 1.86323561e-02, -2.60164067e-02,
       -3.10680680e-02, -1.68092791e-02, -6.16011443e-03,
       -2.08045845e-03, 3.45541444e-03, -1.42719559e-02, 2.43378524e-02,
       -1.75947789e-02, -2.28698109e-03, -1.12443771e-02, 1.67393722e-02,
       -2.79992982e-03, 1.75899826e-03, 8.40453489e-04, -3.03742047e-02,
       -4.25436953e-03, 4.13172040e-03, -9.04264208e-03, 4.00194927e-04,
       -4.20976896e-03, -5.52521646e-03, 1.01465564e-02, -7.46795163e-03,
       -4.55085859e-02, 1.31095834e-02, -9.83227789e-03, 1.35053443e-02,
       -1.51561247e-02, -2.65765470e-04, 1.00576039e-02, 1.12993326e-02,
       1.30960196e-02, 1.61999092e-02, 3.43489572e-02, 1.32925343e-02,
       -5.43026719e-03, 6.56238897e-03, -9.03567299e-03, -1.18222665e-02,
       -2.95811575e-02, -6.96833449e-05, 1.61253102e-02, 3.42172943e-02,
       4.38220333e-03, -1.93623286e-02, -9.19073168e-03, -2.14519892e-02,
       -4.52054897e-03, 2.55211443e-02, -4.09160741e-04, -3.25896665e-02,
       8.16158263e-07, -2.15143766e-02, -2.24250853e-02, -1.57337612e-03,
       -1.84168722e-02, -9.50246002e-04, -3.82539839e-03, 6.87697716e-03,
       -2.15444081e-02, -1.85268186e-02, -4.10717912e-03, 3.30481562e-03,
       4.95105870e-02, -5.14403125e-03, -1.59430131e-02, -5.18820621e-03,
       1.67124812e-02, 2.79510184e-03, 4.86126775e-03, 2.83161998e-02,
       -1.77977197e-02, 9.90294572e-03, -2.24408042e-02, 1.66171812e-03,
       -7.37902382e-03, 1.46035496e-02, 7.82203674e-03, 1.13478936e-02,
       -5.92462253e-03, -2.24136095e-02, -2.64744740e-03,
       -4.36490262e-03, 1.32674747e-03, 2.02445090e-02, 3.52976320e-04,
       -3.58179472e-02, -1.93317793e-02, -3.27029917e-03,
       -9.86927375e-03, -1.30714220e-03, 2.38119159e-03, 2.38210503e-02,
       1.38888629e-02, -1.36970659e-03, -1.90407597e-02, -2.02120133e-02,
       -1.45052727e-02, 4.23287414e-03, 1.96869057e-02, -7.94534944e-03,
       1.94410002e-03, 4.75630350e-03, -8.98530299e-04, -8.84327013e-03,
       8.70156754e-03, 5.77990199e-03, -2.11291611e-02, -2.22734082e-03,
       -1.65059678e-02, 1.25876041e-02, 3.47999036e-02, 4.32423176e-03,
       -1.10737672e-02, 2.55691260e-02, 9.04117618e-03, 4.55770502e-03,
       -4.56298562e-03, -1.39755039e-02, 5.77672850e-03, 1.44511098e-02,
       -1.04842084e-02, -2.26428099e-02, -2.73120683e-02,
       -2.87458417e-03, 1.07165519e-02, -3.58506152e-03, -6.52507064e-04,
       2.82970015e-02, 2.44729109e-02, 2.15810142e-04, -3.26194055e-02,
       -1.27560543e-02, 5.03313215e-03, -3.99821578e-03, 1.35227032e-02,
       -2.03961432e-02, -2.34807078e-02, 9.73728579e-03, -2.43358668e-02,
       2.71876622e-03, 1.26650324e-02, 9.74545255e-04, 1.08796610e-02,
       3.61455455e-02, -2.07773456e-03, 2.16391794e-02, 2.17137896e-02,
       -2.30167783e-03, 1.40334405e-02, 1.20918173e-02, -2.95170164e-03,
       -1.46788852e-02, -1.75175909e-02, -1.65353750e-03, 3.10119684e-03,
       5.31516643e-03, 5.96831227e-03, -7.82384444e-03, -8.97946861e-03,
       -6.82376511e-03, 6.98944321e-03, -2.38417704e-02, -1.27793394e-03,
       -6.42866176e-03, -7.07799988e-03, 1.28926057e-02, -3.63852107e-03,
       -5.16974321e-03, -5.75417420e-03, 1.18273720e-02, -6.55421708e-03,
       -3.04594412e-02, 7.22395582e-03, -2.86084623e-03, 1.68456812e-03,
