%YAML:1.0
beer--72x144--: !!opencv-object-detector-hog
   winSize: [ 72, 144 ]
   blockSize: [ 16, 16 ]
   blockStride: [ 8, 8 ]
   cellSize: [ 8, 8 ]
   nbins: 9
   derivAperture: 1
   winSigma: 4.
   histogramNormType: 0
   L2HysThreshold: 2.0000000000000001e-01
   gammaCorrection: 1
   nlevels: 64
   signedGradient: 0
   SVMDetector: [ -1.62937609e-03, 7.34321028e-03, 1.04455790e-02,
       -1.97751774e-03, 1.91959497e-02, -4.55296045e-04, 9.53600183e-03,
       1.15901474e-02, -1.79797504e-02, 1.30625600e-02, -3.55603202e-04,
       1.64129585e-02, 1.29632326e-02, 2.76416569e-04, 4.28019511e-03,
       -2.60890834e-03, 1.01999252e-03, -5.98442415e-03, 7.67310485e-05,
       -1.14439307e-02, 1.62898079e-02, 1.49929170e-02, -9.08350665e-03,
       -7.11392006e-03, 1.82271302e-02, 9.62762628e-03, -6.38794480e-03,
       5.87424869e-03, 6.09233882e-03, 2.00360660e-02, 7.74820335e-03,
       -2.22577862e-02, 1.47328470e-02, 1.25108901e-02, -3.34679778e-03,
       -2.91585802e-05, 6.81347214e-03, -9.48945712e-03, 1.03025064e-02,
       -9.91793815e-04, 1.97828971e-02, 5.80333592e-03, 5.14375838e-03,
       -3.52334254e-03, 2.71197176e-03, -3.97207821e-03, 2.16073170e-02,
       -5.36453677e-03, -8.61745514e-03, -1.60119813e-02, 8.62401258e-03,
       5.16224373e-03, 5.38875349e-04, -3.09780184e-02, 1.60600971e-02,
       1.28828855e-02, 2.67609339e-02, -6.63499022e-03, 5.60696842e-03,
       1.13315051e-02, -5.44495881e-03, 4.52882005e-03, -2.00082059e-03,
       1.42350420e-02, 2.83799134e-03, -4.60149907e-03, 5.57499006e-03,
       -1.10918358e-02, -5.00352029e-03, 5.85077424e-03, -4.26795427e-03,
       6.25262968e-03, 1.87000725e-02, 1.96798239e-02, -1.07300142e-02,
       -2.95267887e-02, 4.58970852e-03, 4.22006892e-03, 2.98220606e-04,
       -8.92524142e-03, -9.39195417e-03, 1.40120573e-02, 4.96167131e-03,
       -1.04056690e-02, -2.39537936e-03, 7.72229256e-03, 2.18639113e-02,
       3.85572924e-03, -2.75417101e-02, 1.74324366e-03, 2.77617350e-02,
       7.71039305e-03, -1.55589962e-02, -1.06131593e-02, 1.17309922e-02,
       1.64812747e-02, 2.87253745e-02, -3.57694016e-03, -7.26751168e-04,
       -1.38445469e-02, -1.70452334e-02, -5.78791182e-03, 1.09408507e-02,
       2.56223250e-02, 3.26531827e-02, 2.03286372e-02, -7.83888809e-03,
       -1.26435012e-02, 4.44832630e-02, 1.15262112e-02, -4.82604653e-03,
       -1.28653729e-02, -1.96984131e-02, -8.26105382e-03,
       -1.04910042e-03, -7.03217555e-03, 2.14932226e-02, 2.27168156e-03,
       1.13271479e-03, -1.98109392e-02, -3.03809135e-03, -1.36466036e-02,
       -1.02321310e-02, -1.03066927e-02, -9.78832482e-04,
       -1.09635619e-02, 3.33967898e-03, -1.31563109e-03, 5.23148850e-03,
       -1.10683087e-02, 1.80915720e-03, -1.06170615e-02, -1.01549039e-02,
       -1.94607805e-02, 4.41051961e-04, 2.16261130e-02, -2.50486331e-03,
       -7.71311391e-03, 3.01252096e-03, 2.76085194e-02, 1.94722116e-02,
       -1.71357188e-02, -4.53912886e-03, 1.43183134e-02, 5.55916224e-03,
       2.09789239e-02, -5.56539837e-03, -2.10792795e-02, -2.04015616e-02,
       2.34173349e-04, -3.19164828e-03, -1.51728913e-02, -4.04665666e-03,
       -3.92462173e-03, 1.17711034e-02, 3.82049824e-04, -1.28944870e-02,
       2.25521792e-02, 1.25500998e-02, -6.28069928e-03, -1.14906197e-02,
       -4.99254791e-03, 6.25361176e-03, 4.69012978e-03, -1.73729341e-02,
       -1.42965345e-02, -7.74611952e-03, 1.18876817e-02, -9.65551194e-03,
       1.40917988e-03, 3.41596156e-02, 1.83474869e-02, -8.55894201e-03,
       -2.46083509e-04, -6.53599016e-03, 2.96136662e-02, 8.28849152e-03,
       -1.60147715e-02, -2.68457667e-03, 8.49027559e-03, 6.16441667e-03,
       -1.41172705e-03, -7.92210549e-03, 2.21965052e-02, -8.84857029e-04,
       1.11600449e-02, -5.96711086e-03, -2.23589074e-02, -1.93085019e-02,
       6.86704274e-03, 1.37862200e-02, -1.74719153e-03, 3.65821458e-02,
       3.34095433e-02, -6.39995746e-03, 2.16231402e-02, -2.20132265e-02,
       -4.31994413e-04, 3.05869267e-03, -3.10514886e-02, -1.64586045e-02,
       -4.48257988e-03, 1.86573826e-02, -2.61588022e-02, -3.50826830e-02,
       -6.49783993e-03, -9.92455613e-03, 1.64132919e-02, -2.48979721e-02,
       2.71331444e-02, 2.68052407e-02, -2.70122406e-03, 3.39496345e-03,
       1.34626369e-03, 6.55347295e-03, 1.23217264e-02, 1.07085407e-02,
       -2.48490111e-03, -1.38325887e-02, -1.03529599e-02, 3.05295456e-03,
       -2.47874614e-02, 9.31337848e-03, -9.08493344e-03, -3.21846502e-03,
       -2.37832704e-04, 1.26821676e-03, -5.04490035e-03, -1.25770392e-02,
       -2.90562399e-03, -2.64509069e-03, 7.45773362e-03, 1.71270594e-02,
       -7.33553804e-03, -2.03700433e-03, -2.48260703e-02, 1.30364038e-02,
       1.91695592e-03, 1.43996431e-02, -1.20640388e-02, -7.86543824e-03,
       -1.42275179e-02, 1.24832056e-02, -8.07655137e-03, -1.07033551e-02,
       2.27667615e-02, 3.61911654e-02, 2.62112711e-02, 2.07459219e-02,
       -5.72901079e-03, -8.74572061e-03, 1.17432578e-02, 2.28307745e-03,
       -1.69616360e-02, -4.80803475e-02, -2.29161996e-02,
       -1.40835289e-02, 9.54281073e-03, 1.61588043e-02, 3.51406913e-03,
       -1.69156492e-02, 8.32078140e-03, 8.35014973e-03, -1.97075177e-02,
       -9.51919518e-03, 9.55529232e-03, 1.27055356e-03, 1.20984511e-02,
       -5.32978389e-04, -1.46426167e-03, -2.54730508e-02, 9.93272988e-04,
       1.07085276e-02, 1.38835246e-02, -2.45664758e-03, 4.54180175e-03,
       -3.99409840e-03, -1.24349259e-02, -1.32997334e-02,
       -3.02416757e-02, 1.68457031e-02, 1.19583420e-02, 4.26003942e-03,
       2.00206302e-02, -2.44437549e-02, 1.20252091e-02, 6.80800714e-03,
       -2.18395442e-02, -1.86506950e-03, -7.94301927e-03,
       -1.23308068e-02, -1.41214859e-03, -2.71430984e-02, 1.18212989e-02,
       -2.12304690e-03, -1.74792260e-02, -3.32343299e-03,
       -1.04225855e-02, -9.74760670e-03, -9.57348477e-03,
       -1.69480797e-02, -2.24342998e-02, 9.00888629e-03, 1.07300468e-02,
       5.35801577e-04, -2.74170227e-02, -2.04314850e-02, -2.39861500e-03,
       1.90667494e-03, 3.69422557e-03, -2.76993634e-03, -1.41346464e-02,
       2.46681576e-03, -1.70279052e-02, 5.19430847e-04, -2.98400316e-02,
       -6.87140413e-03, 3.61121190e-03, 1.18966084e-02, 9.10793245e-03,
       3.03974585e-03, -9.29727685e-05, -9.51523427e-03, -4.34243828e-02,
       -6.61438238e-03, -5.46050118e-03, -2.65446324e-02,
       -2.76625436e-02, -8.84748343e-03, 7.77213229e-03, 2.12728264e-04,
       4.61296819e-04, -1.20792268e-02, 1.11279255e-02, 2.55289546e-04,
       1.14370824e-03, 2.36431342e-02, -1.67925023e-02, 1.20703615e-02,
       7.51547515e-03, -3.42150731e-03, 2.62380415e-03, 5.70402760e-03,
       6.83075422e-03, -2.01054779e-03, 2.19013188e-02, -1.16117380e-03,
       1.33379735e-02, -6.68444205e-04, -1.27907479e-02, -4.72441176e-03,
       -1.20788543e-04, 7.84958620e-03, -9.12044477e-03, 1.49991876e-02,
       -4.73499708e-02, 1.94648206e-02, -1.58505868e-02, -6.00653421e-03,
       4.87018470e-03, -1.28274420e-04, -1.68487933e-02, 1.98564841e-04,
       3.19200642e-02, 1.78979561e-02, 2.15180106e-02, 1.13911694e-02,
       -3.70224332e-03, -7.75306253e-03, 9.60797817e-03, -2.13490967e-02,
       -1.24042435e-02, -8.60747707e-04, -2.69096065e-02,
       -2.47138843e-04, -3.56224831e-03, -1.35360397e-02,
       -3.23329717e-02, -1.56575278e-03, -1.44940773e-02,
       -2.00683065e-02, 1.18138548e-02, 1.05207870e-02, 1.38705187e-02,
       -1.08781559e-02, 4.87045990e-03, 2.09336504e-02, -7.82193989e-03,
       -5.81520086e-04, -2.13002209e-02, 1.88933015e-02, -1.17522320e-02,
       1.82880927e-02, 5.45364618e-03, 2.48569306e-02, -9.54058021e-03,
       1.04413051e-02, -6.09237002e-03, -4.26952168e-03, 1.19994418e-03,
       1.98710747e-02, -1.60732958e-03, -1.16575314e-02, -1.00428984e-02,
       -1.96192991e-02, -1.49299270e-02, 2.23207437e-02, 3.26166418e-03,
       6.26210775e-03, -2.06882004e-02, 1.18144611e-02, -3.16235144e-03,
       -3.98521777e-03, -1.87194515e-02, -3.98022076e-03,
