%YAML:1.0
choco_syrup--72x144--: !!opencv-object-detector-hog
   winSize: [ 72, 144 ]
   blockSize: [ 16, 16 ]
   blockStride: [ 8, 8 ]
   cellSize: [ 8, 8 ]
   nbins: 9
   derivAperture: 1
   winSigma: 4.
   histogramNormType: 0
   L2HysThreshold: 2.0000000000000001e-01
   gammaCorrection: 1
   nlevels: 64
   signedGradient: 0
   SVMDetector: [ -2.45522968e-02, 1.81917977e-02, 1.39677292e-02,
       8.62815231e-03, 1.42635247e-02, -1.78428646e-02, 2.05779262e-02,
       2.00572442e-02, -3.53243053e-02, 5.02905168e-04, 3.25645283e-02,
       -1.51025422e-03, 2.39269366e-03, -2.22449452e-02, -1.65882427e-02,
       1.78500754e-03, 1.50539717e-02, -3.44619788e-02, -1.59328654e-02,
       -8.27769097e-03, -1.29246982e-02, 1.51263755e-02, 1.16994949e-02,
       -1.85745414e-02, -8.72968871e-04, 2.42039151e-02, 1.88689074e-03,
       -5.72362822e-03, -1.27443019e-03, -1.23486780e-02,
       -1.31453096e-03, -1.17704356e-02, -1.73370726e-02,
       -2.11412236e-02, 1.25420268e-03, -1.08877253e-02, 2.32198499e-02,
       1.53896278e-02, -1.44523792e-02, -2.30580731e-03, -9.70669650e-03,
       -1.12628182e-02, 3.20362635e-02, 9.14848503e-03, -3.75005929e-03,
       1.79725382e-02, 1.08603723e-02, -1.56787615e-02, -1.56113505e-02,
       -2.50402056e-02, -2.07184628e-02, 9.21769533e-04, -2.48712171e-02,
       -3.05832215e-02, -4.55753645e-03, -1.31950388e-02,
       -1.51603222e-02, 3.04677919e-03, 1.30198551e-02, -2.17459127e-02,
       1.05873197e-02, -1.09343035e-02, -9.96742211e-03, 2.73029227e-02,
       9.12555866e-03, 2.93317232e-02, 5.62477566e-04, 3.09812780e-02,
       -2.82002185e-02, 1.70473754e-02, 3.19547229e-03, -1.53057072e-02,
       2.30898410e-02, -9.76238213e-03, -2.44754609e-02, -2.10255440e-02,
       -3.61137986e-02, -5.35323191e-03, 2.03197394e-02, -1.03036184e-02,
       6.53425464e-03, -1.27928490e-02, 1.90347377e-02, 2.35298462e-02,
       -1.57238785e-02, -2.82541551e-02, -1.07866488e-02, 1.23169115e-02,
       1.25754615e-02, -2.37815827e-02, 1.87088866e-02, 2.07028308e-04,
       -4.46993439e-03, -2.10706219e-02, 1.67674907e-02, -7.87981506e-03,
       3.08219977e-02, 2.08964408e-03, 7.71933980e-03, -1.12573057e-03,
       1.99380871e-02, 3.68705508e-03, 7.10844481e-03, 8.54308717e-03,
       2.83834543e-02, 4.53872643e-02, 4.17464152e-02, 8.83275457e-03,
       -2.22252999e-02, -1.27609605e-02, -1.52173890e-02,
       -2.64797639e-02, -2.13096086e-02, -1.65670253e-02, 1.86877442e-03,
       -2.20221337e-02, -7.91266933e-03, -3.07948552e-02,
       -1.94290113e-02, -3.71538810e-02, -1.31268417e-02, 1.36564893e-03,
       -2.20829193e-02, -1.46821598e-02, -2.31406577e-02,
       -1.41851669e-02, -1.08861011e-02, 2.27980083e-04, -5.83813386e-03,
       -2.06288751e-04, -2.19952539e-02, 2.41912180e-03, 1.30357174e-02,
       8.70301481e-03, -7.08362693e-03, 1.08547024e-02, -8.67820997e-03,
       -8.24014097e-03, 1.93287935e-02, 1.94483604e-02, 1.54013308e-02,
       6.88808039e-03, 3.19304541e-02, 1.33372685e-02, 2.41285493e-03,
       -2.12248191e-02, -1.89323816e-02, -1.85547043e-02,
       -4.20078412e-02, -8.08603875e-03, -1.65514275e-02, 2.78805103e-03,
       1.50259370e-02, 4.26017772e-03, 3.89164244e-03, -2.54340656e-03,
       4.32658195e-03, -2.62717139e-02, -1.12998290e-02, -1.73402689e-02,
       -6.32250682e-03, 9.05347522e-03, 3.93670343e-05, 4.89093736e-03,
       -7.04730442e-03, 7.42343580e-03, 1.13908220e-02, 1.27743380e-02,
       -9.15848464e-03, 4.42551263e-02, 9.21431929e-03, -4.09576185e-02,
       1.46762060e-03, -1.89618543e-02, 1.65273286e-02, 6.73472136e-03,
       2.19926015e-02, -1.24933501e-03, 7.81847257e-03, -1.56495888e-02,
       -1.16463145e-02, -1.19740255e-02, -1.91896800e-02,
       -4.56179818e-03, -3.19022126e-02, -7.97791034e-03, 5.21611143e-03,
       -1.24871535e-02, 1.79789998e-02, -6.69704750e-03, -1.15752518e-02,
       -2.08180062e-02, 1.74409766e-02, -3.76400934e-03, -5.71032939e-03,
       2.05652732e-02, -3.27997934e-03, 1.35118924e-02, -2.45858114e-02,
       2.06947280e-03, -3.43684619e-03, 4.20382470e-02, 3.20442417e-03,
       3.34199378e-03, 2.95957946e-03, -2.50786711e-02, -1.85732357e-02,
       -4.94024483e-03, 8.34222231e-03, 1.17781088e-02, 3.66431698e-02,
       -6.08148519e-03, 2.72449329e-02, 2.74141342e-03, -2.51875706e-02,
       -6.53917296e-03, 3.37112835e-03, -1.16620390e-02, -1.12454742e-02,
       3.18635069e-02, 1.60357337e-02, 1.64961547e-03, 3.47724184e-02,
       -1.20080309e-02, -6.29311893e-03, -1.12370877e-02, 1.67990308e-02,
       -8.25972203e-03, 1.11059528e-02, -2.10491605e-02, -1.92070585e-02,
       8.47475021e-05, 2.82812677e-03, -3.71535867e-03, 7.81425368e-03,
       5.28148888e-03, 5.91188623e-03, 2.76010912e-02, 9.44715645e-03,
       2.37192642e-02, 1.79403145e-02, -3.73882754e-03, -2.03472935e-03,
       3.22724469e-02, 3.99163226e-03, -1.03016794e-02, 3.52945328e-02,
       -2.20737532e-02, 1.33027239e-02, -1.86088942e-02, -6.52227923e-03,
       2.88768811e-03, -2.24315897e-02, -6.21649576e-03, -1.58782098e-02,
       1.09794624e-02, -1.84284505e-02, -1.08901160e-02, 3.63774039e-03,
       1.64771918e-02, 6.29996555e-03, -1.93698108e-02, -4.75376137e-02,
       -3.38017456e-02, 3.75540592e-02, -2.40088459e-02, -8.21770076e-03,
       -2.94859111e-02, -1.75560992e-02, -7.31922919e-03, 2.39847545e-02,
       1.23135578e-02, -9.32467543e-03, 3.55789587e-02, -3.00404262e-02,
       -7.08393427e-03, 7.70354457e-03, 7.68719474e-03, -4.20765998e-03,
       8.60985182e-03, -2.20851842e-02, -1.18434262e-02, 5.32288738e-02,
       -2.99384929e-02, 1.33528979e-02, -5.39520942e-03, -1.43706426e-02,
       -1.73250679e-02, 1.11464714e-03, -1.80525295e-02, -7.85364024e-03,
       2.58847000e-03, -3.55238803e-02, 2.64578755e-03, 5.23409573e-03,
       6.37589255e-03, 7.21098296e-03, 9.23236087e-03, 2.54992722e-03,
       2.14670319e-02, -1.13908425e-02, 1.24052828e-02, 2.68772971e-02,
       1.02559421e-02, -9.19097476e-03, 6.53936120e-04, 8.27066693e-03,
       -2.66060582e-04, 1.21366773e-02, 1.20429136e-03, -2.14279015e-02,
       5.17833931e-03, 6.02133432e-03, 1.17030488e-02, -6.33209536e-04,
       -7.41007598e-03, 1.19960345e-02, 1.70518029e-02, 1.06437597e-04,
       -2.62391716e-02, -1.52410683e-03, -1.48079442e-02,
       -1.08993268e-02, -6.45536929e-03, -5.34041971e-03, 9.77899786e-03,
       1.59007986e-03, -1.88085076e-03, -1.19453692e-03, 1.77232828e-02,
       2.30243392e-02, -7.75663089e-03, -2.79807821e-02, -1.35520957e-02,
       -1.12338914e-02, -3.00105587e-02, 1.19051170e-02, 1.32119295e-03,
       1.71784423e-02, 5.93253970e-03, -1.57948735e-03, -9.19389259e-03,
       4.23177844e-03, 2.13810559e-02, 2.32209824e-02, 3.25966403e-02,
       -1.00835813e-02, 1.32021876e-02, -7.29808630e-03, -1.48818800e-02,
       1.56630054e-02, 1.23689687e-02, -2.12178286e-02, -9.44614504e-03,
       1.38319964e-02, -5.31512965e-03, 9.32694599e-03, 3.88907199e-03,
       1.92564132e-03, -1.43653294e-03, 3.23253497e-03, -1.77173633e-02,
       -1.17457565e-02, 1.53785832e-02, -3.28994752e-03, 1.82751566e-02,
       7.30305351e-03, -8.88426264e-04, 1.71591118e-02, 3.04263574e-03,
       -1.16999289e-02, 9.81645193e-03, 1.13029825e-02, -2.64122225e-02,
       -2.69034784e-03, -1.73245149e-03, -1.45076681e-02,
       -4.09999676e-03, 1.18952449e-02, -1.69062521e-02, -1.60632748e-02,
       2.39985324e-02, -2.23146565e-02, 1.37941092e-02, 1.88460620e-03,
       -1.17690219e-02, -4.98278439e-03, 7.57293403e-03, -1.87185183e-02,
       -8.76416545e-03, 4.31480876e-04, -2.28765458e-02, -1.36092659e-02,
       -3.32296896e-03, -1.47280032e-02, -1.10835908e-02, 5.31871896e-03,
       -1.79732288e-03, 3.68591025e-02, 1.64086781e-02, 2.55675521e-02,
       -1.91961769e-02, -4.94104717e-03, -8.01347382e-03,
       -7.30335899e-03, -1.28017860e-02, -1.46217663e-02, 1.67209022e-02,
       1.55198528e-02, -9.65257362e-03, 5.82786603e-03, 1.18909525e-02,
       1.66563634e-02, -3.11897136e-02, 2.45603435e-02, 2.24077627e-02,
