%YAML:1.0
coke--72x144--: !!opencv-object-detector-hog
   winSize: [ 72, 144 ]
   blockSize: [ 16, 16 ]
   blockStride: [ 8, 8 ]
   cellSize: [ 8, 8 ]
   nbins: 9
   derivAperture: 1
   winSigma: 4.
   histogramNormType: 0
   L2HysThreshold: 2.0000000000000001e-01
   gammaCorrection: 1
   nlevels: 64
   signedGradient: 0
   SVMDetector: [ 3.20096198e-03, 1.90650318e-02, 6.50609890e-03,
       -1.57341105e-03, -6.55994564e-03, -1.02777835e-02, 2.55295653e-02,
       1.75066255e-02, -1.72961149e-02, 1.00134574e-02, -4.50075185e-03,
       -4.58893226e-03, 1.38579989e-02, -2.68534925e-02, 1.27054425e-02,
       -6.35759719e-03, -9.60738119e-03, -5.49975177e-03,
       -3.34316981e-03, -6.56061387e-03, -1.00104772e-02,
       -1.00684967e-02, -5.12341596e-03, 3.48762702e-03, 2.26022601e-02,
       6.34943193e-04, -1.08130858e-03, -2.37994790e-02, -6.29733317e-03,
       -1.46663887e-02, 1.05112558e-03, -4.18223366e-02, 1.99464764e-02,
       -1.98136214e-02, 2.33862689e-03, -1.69887245e-02, 2.92996000e-02,
       6.82978611e-03, -1.50130289e-02, -1.45750176e-02, -2.04819697e-03,
       -2.14858167e-02, -7.69600738e-03, -1.02391802e-02,
       -1.96159836e-02, 5.05559519e-03, 3.75650969e-04, -5.13876462e-03,
       1.75892375e-02, -3.35488729e-02, -1.79084390e-02, -4.57265228e-03,
       -7.28381285e-03, -1.40651157e-02, -8.66760314e-03, 3.90722603e-03,
       -1.10692326e-02, -9.64136154e-04, 4.30107303e-03, -1.58526432e-02,
       -1.98968221e-02, 7.00608827e-03, -2.63226256e-02, -2.97344616e-03,
       1.47360680e-03, -1.01296566e-02, -9.82323941e-03, 9.44602583e-03,
       -5.24423318e-03, 7.60089327e-03, 1.93374522e-03, -8.17671046e-03,
       2.14942526e-02, 2.16395478e-03, 7.49014958e-04, 6.92768767e-03,
       3.92813310e-02, 4.97302157e-04, 1.70730297e-02, 1.13169206e-02,
       1.76104121e-02, 3.39694461e-03, -4.18760115e-03, 7.94568844e-03,
       1.46639803e-02, -1.92806907e-02, -3.96119058e-03, 4.92383586e-03,
       -1.20185800e-02, -8.12556315e-03, -1.38031635e-02,
       -1.02979830e-02, -2.22662967e-02, -1.47490092e-02, 1.52110225e-02,
       -1.63133852e-02, 2.96657383e-02, 6.44270936e-03, -8.23005859e-04,
       -4.83797770e-03, 2.05581002e-02, 5.35679562e-03, -1.76807155e-03,
       -5.55221364e-03, -2.29763612e-02, -9.81646008e-04,
       -7.64329638e-03, 1.15442025e-02, 1.65709648e-02, 2.58412212e-04,
       1.07676853e-04, 1.89097633e-03, -1.16529251e-02, -1.53670926e-02,
       1.86300483e-02, 5.29444357e-03, 3.65845696e-03, 1.15421284e-02,
       -1.29077900e-02, -5.56145608e-03, 7.52057135e-03, 1.63597092e-02,
       3.27646709e-03, 6.54785836e-04, 3.04446416e-03, 1.25474306e-02,
       1.33799631e-02, 5.49867889e-03, -2.03466532e-03, -1.61934434e-03,
       2.92571317e-02, -1.31903887e-02, -2.73043755e-03, 4.28536208e-03,
       1.21395281e-02, -9.46791843e-03, 2.05198154e-02, -1.09587535e-02,
       2.22167335e-02, 3.12636159e-02, 8.88845138e-03, 1.61164217e-02,
       1.53725203e-02, -1.33092428e-04, 3.49270646e-03, -1.31272106e-02,
       4.68267919e-03, 1.25659024e-02, -3.33176143e-02, -7.66702695e-03,
       6.05071569e-03, -8.64551589e-03, -5.16890362e-03, 4.44952864e-03,
       -6.14669453e-03, -7.40924478e-03, 3.71868093e-03, -1.29603618e-03,
       -9.85975191e-03, -1.16440817e-03, 9.29324422e-03, -1.41579583e-02,
       1.49086593e-02, 4.12521837e-03, -1.27910348e-02, -9.40049253e-03,
       2.45306641e-02, -8.86461348e-04, 5.13963122e-03, -5.59956674e-03,
       1.82249714e-02, -1.75524428e-02, 5.51281124e-03, 6.11080974e-03,
       1.08981142e-02, 1.36701977e-02, -9.51596070e-03, -1.17941741e-02,
       7.37056090e-03, 2.49488791e-03, 5.68396505e-03, -1.54361445e-02,
       -6.72790175e-03, -1.38128716e-02, -2.86723208e-02,
       -3.28382477e-02, -9.27444920e-03, 4.09099879e-03, -2.34954916e-02,
       -1.60987638e-02, -9.46074165e-03, -1.23098269e-02, 7.96819106e-03,
       -3.48666334e-03, 8.55493359e-03, -2.11695172e-02, -3.12995203e-02,
       -1.57830641e-02, 7.37006776e-03, -1.69544369e-02, 2.74769380e-03,
       1.18717598e-02, 4.82919253e-03, -1.48054911e-02, -8.04895163e-03,
       1.13283973e-02, 1.51474159e-02, -2.35478487e-02, -4.56785318e-03,
       3.06594986e-02, 2.01126039e-02, 9.76916589e-03, 4.70085489e-03,
       -1.68973804e-02, 3.07839154e-03, -2.21157018e-02, 3.71538429e-03,
       -7.04573700e-03, -2.09683739e-02, -1.70071833e-02, 1.09800594e-02,
       3.39164771e-02, 9.27761290e-03, -1.15506640e-02, 2.76624244e-02,
       -2.60175280e-02, 5.65763330e-03, 1.10349171e-02, 2.75110756e-03,
       -1.87669341e-02, 1.70302354e-02, 6.46759570e-03, -1.59251376e-03,
       2.84388419e-02, -6.56132260e-03, -4.19837795e-03, 1.35349471e-03,
       8.93295510e-05, -4.39709537e-02, 1.23317940e-02, -2.88437828e-02,
       -1.59069467e-02, -1.16195134e-03, -1.04188751e-02, 6.40847487e-03,
       -2.87763085e-02, 1.31946355e-02, -1.25697460e-02, -5.76455332e-03,
       -2.37925015e-02, 8.71989783e-03, -1.57578159e-02, -1.86878014e-02,
       2.00912450e-03, 2.80209281e-03, -5.40297013e-03, -2.21700389e-02,
       -2.70444364e-03, -1.12835476e-02, -6.89269789e-03, 5.25223883e-03,
       -3.57526764e-02, -1.24632046e-02, -1.96406757e-03,
       -5.63121680e-03, -6.90508028e-03, 2.14270707e-02, 3.54238134e-03,
       6.55900501e-03, 1.20995641e-02, -3.46214231e-03, 2.96859723e-03,
       2.07461827e-02, 1.92412094e-03, -2.57173553e-03, -6.07012352e-03,
       -1.93015113e-02, -1.06766326e-02, -8.39423761e-03,
       -2.73525547e-02, -8.22502188e-03, 1.90328229e-02, -2.79738248e-04,
       -1.47359318e-03, 1.86730195e-02, -2.99948733e-03, -6.25288440e-03,
       -1.44085027e-02, -4.15344201e-02, -2.38799490e-02,
       -2.23913360e-02, -3.46152894e-02, -5.40508376e-03, 6.17952459e-03,
       1.12801697e-02, -1.15149398e-03, -7.17226462e-03, -1.27748474e-02,
       -2.73098350e-02, -3.59960757e-02, 1.66632179e-02, 7.39356678e-04,
       2.14458238e-02, 1.40636154e-02, 1.11019993e-02, -7.08288141e-03,
       -2.13414766e-02, 2.78859399e-03, -7.35815475e-03, -1.34810070e-02,
       -3.04146055e-02, -5.00253914e-03, 4.43937909e-03, -1.61294953e-03,
       7.71536538e-03, -8.76398012e-03, 1.64362211e-02, -1.83609780e-02,
       1.69285070e-02, -9.29927174e-03, 3.17741260e-02, -1.34953465e-02,
       -2.04686597e-02, -2.07550228e-02, -7.13450694e-03,
       -1.21821333e-02, -8.60553607e-03, 5.44337882e-03, 8.81874934e-03,
       -5.84220700e-03, -1.93510168e-05, -2.52527348e-03,
       -4.14538104e-03, -2.97846994e-03, -2.09392216e-02, 1.27975107e-03,
       1.64691720e-03, -7.39457132e-03, 6.38823863e-03, -2.57029012e-02,
       -1.09921787e-02, 1.96314771e-02, -4.81777778e-03, 4.88643488e-03,
       -1.35730859e-02, 1.73158702e-02, 4.04142728e-03, 1.11105926e-02,
       3.04333935e-03, -2.11075805e-02, -2.21885014e-02, -1.72169320e-02,
       -7.71471113e-03, -1.42027186e-02, 2.25061905e-02, -2.37075388e-02,
       2.11074762e-02, -1.04179727e-02, -1.04041183e-02, -1.87591687e-02,
       -1.59229636e-02, -2.27747820e-02, -7.20760645e-03,
       -1.04970485e-02, -6.10467838e-03, -1.88578188e-03,
       -2.33227666e-02, -1.94657426e-02, -1.56750306e-02,
       -2.93758065e-02, -2.49045971e-03, -5.34301344e-03, 7.60386046e-03,
       -3.91431386e-03, 1.76265463e-02, -6.65344670e-03, -1.68749560e-02,
       -3.19919288e-02, -1.30913984e-02, -7.40548689e-03,
       -1.43588299e-03, 1.35636292e-02, -3.49230925e-03, 2.01810300e-02,
       -1.41399810e-02, -2.44317465e-02, 5.51019213e-04, -2.76865754e-02,
       8.68111663e-03, -5.79285948e-03, 3.50084826e-02, 1.54330451e-02,
       4.85875038e-03, 8.03029723e-03, 1.56485941e-02, -1.69503167e-02,
       4.86182375e-03, 8.66523664e-03, 1.10057951e-03, -2.00626161e-03,
       -1.36888186e-02, -5.67230047e-04, 1.19305504e-02, -2.19589788e-02,
       -2.76981154e-04, -2.12198924e-02, -2.39999332e-02,
       -1.69363264e-02, -2.60312413e-03, -6.12692116e-03,
       -1.16306974e-03, 1.59667339e-02, -1.46004809e-02, -1.84820984e-02,
