%YAML:1.0
hiyen--64x144--: !!opencv-object-detector-hog
   winSize: [ 64, 144 ]
   blockSize: [ 16, 16 ]
   blockStride: [ 8, 8 ]
   cellSize: [ 8, 8 ]
   nbins: 9
   derivAperture: 1
   winSigma: 4.
   histogramNormType: 0
   L2HysThreshold: 2.0000000000000001e-01
   gammaCorrection: 1
   nlevels: 64
   signedGradient: 0
   SVMDetector: [ -2.03952882e-02, -2.11974652e-03, -5.97132742e-03,
       -2.21480224e-02, -2.27095224e-02, -1.37963668e-02,
       -6.63074758e-03, 9.31184157e-04, -2.65908870e-03, 1.21047476e-03,
       8.06498900e-03, -2.22376194e-02, -1.63164027e-02, -7.21186120e-03,
       5.63228177e-03, 1.52497843e-03, -7.67218601e-03, -1.21095534e-02,
       -1.18962452e-02, -1.09192068e-02, 1.45485839e-02, -4.55427961e-03,
       -7.87226763e-03, -6.57716813e-03, 3.93614452e-03, 2.27410370e-03,
       -1.14946589e-02, -7.99841434e-03, 1.81178488e-02, 3.31328511e-02,
       1.34813488e-02, 2.19736565e-02, -1.79931689e-02, 2.09069122e-02,
       1.46277668e-02, 1.97086539e-02, 2.26767808e-02, 2.57066377e-02,
       1.15324266e-03, -7.50396308e-03, -2.33554896e-02, 1.10442284e-02,
       -2.78494670e-03, -6.58971025e-03, -9.53213312e-03, 1.58852600e-02,
       7.90222269e-03, -4.73838579e-03, 1.13497498e-02, 1.98083408e-02,
       1.05984332e-02, 8.24570563e-03, 1.43357646e-02, -2.17326805e-02,
       -1.88578945e-02, 1.63716953e-02, 1.42898429e-02, 3.62151797e-04,
       -4.00447985e-03, -1.60357798e-03, 8.70045740e-03, -2.50728079e-03,
       -3.90427653e-03, -2.22735424e-02, -2.36180034e-02,
       -1.90842934e-02, -3.27624157e-02, 1.93925016e-02, 2.94222906e-02,
       -5.25385328e-03, -2.73140613e-03, -1.24265663e-02, 1.59170814e-02,
       4.02248884e-03, -1.10571680e-03, 5.88292198e-04, -2.16184817e-02,
       -9.70643666e-03, -8.76372121e-03, 8.16710852e-03, 9.74174030e-03,
       -5.18190116e-03, 1.77000575e-02, 1.12588387e-02, -7.39740487e-03,
       -8.46447516e-03, -3.28991911e-03, -9.36197862e-03, 1.29445642e-02,
       1.78687405e-02, 1.93899889e-02, -1.02781909e-04, 1.04025258e-02,
       -1.63475443e-02, -4.17729048e-03, 3.34013104e-02, 2.28299387e-03,
       -1.32242800e-03, 1.55431917e-02, 1.53996712e-02, 6.24710787e-03,
       -3.54610686e-03, -1.08974250e-02, -1.39031941e-02, 3.94975161e-03,
       -1.10859601e-02, 1.49540650e-02, 3.08495294e-02, 2.98959529e-03,
       1.49412956e-02, 1.94283873e-02, -1.09019056e-02, 3.43945622e-03,
       -1.82760768e-02, -1.05849316e-03, -2.16683410e-02,
       -1.32030221e-02, 2.06235657e-03, -1.94118116e-02, -1.92974526e-02,
       1.76629343e-03, 1.36738429e-02, 8.53193458e-03, 2.87942030e-02,
       -2.36110743e-02, -9.08027776e-03, -1.04544833e-02, 8.56790319e-03,
       -2.20009498e-03, 1.44893338e-03, -2.67567672e-02, 5.75845083e-03,
       -1.29168425e-02, -2.61219451e-03, 3.12499050e-03, -7.38879899e-03,
       -1.11678876e-02, 2.23793089e-03, -9.25293751e-03, -1.42073529e-02,
       -1.81332952e-03, 3.08213029e-02, 1.38676967e-02, -3.43084638e-03,
       4.72936733e-03, -6.76378491e-04, -1.94359687e-03, 8.04392213e-04,
       -6.70359470e-03, -1.17040360e-02, 1.54341552e-02, -2.29867902e-02,
       -7.43551552e-03, 1.04756616e-02, -1.46483695e-02, -2.09583528e-03,
       1.82277076e-02, -3.87728889e-03, -3.76981613e-03, 1.42155844e-03,
       -2.15005074e-02, -7.34179700e-03, 9.50273965e-03, -7.30891386e-03,
       5.11473697e-03, -1.47898111e-03, 2.05000513e-03, -3.09166089e-02,
       5.58364624e-03, -6.25295797e-03, -1.58200990e-02, -9.17245634e-03,
       -8.01128056e-03, 9.58921574e-03, 1.20464119e-03, 9.43873730e-03,
       7.91311730e-03, -7.65160704e-03, -1.92112736e-02, -3.00546046e-02,
       2.18777694e-02, -3.89927207e-03, -4.02137497e-03, 2.33696382e-02,
       -2.36184034e-03, -2.55472939e-02, -1.61747867e-03,
       -1.71508659e-02, -5.85703936e-04, 4.16048337e-03, 1.96307292e-03,
       9.53345373e-03, 1.53746903e-02, 1.33563047e-02, -1.08421575e-02,
       1.72346632e-03, -1.37162989e-03, 1.09316157e-02, 1.86184347e-02,
       -1.56276394e-02, 4.92240442e-03, 9.13127512e-03, -2.96863308e-03,
       8.45591351e-03, 1.46265533e-02, 3.60259379e-04, 1.78995561e-02,
       8.11953680e-04, -1.17582013e-03, 9.48707573e-03, 2.50524953e-02,
       1.46982130e-02, 1.65544990e-02, 2.54679769e-02, 2.78550852e-03,
       1.34063102e-02, 1.50447581e-02, -1.26274461e-02, -1.70154702e-02,
       1.41185317e-02, 1.23763038e-02, 1.91790182e-02, -1.60206389e-02,
       -8.71914905e-03, -2.04975950e-03, 2.06256751e-02, -1.26890158e-02,
       -6.55961875e-03, 1.28058735e-02, -1.25814881e-02, -9.05641634e-03,
       -2.16768682e-02, -9.15107224e-03, -3.20070004e-03, 2.64382418e-02,
       1.56765506e-02, -4.38435609e-03, 7.82866403e-03, 4.36387844e-02,
       3.28435488e-02, 1.88200492e-02, -9.15017095e-04, -1.93054869e-03,
       2.65072612e-03, 5.65883843e-03, -7.18840398e-03, 3.00813536e-03,
       2.91555133e-02, 1.19615756e-02, -1.15807522e-02, 6.37587206e-03,
       -7.91149214e-03, 2.16537435e-02, 2.27204501e-03, 1.45058287e-02,
       2.25023814e-02, 1.00529902e-02, -2.33984888e-02, -1.04554975e-02,
       -1.30154015e-02, 1.45845907e-02, -1.07185934e-02, -1.82875246e-03,
       -1.49047719e-02, 5.89333922e-02, 1.62940845e-03, -1.35588543e-02,
       6.57543598e-04, -1.12818377e-02, -2.43942458e-02, 5.57267480e-03,
       1.92515310e-02, 1.11575890e-02, 2.41315234e-02, 2.59699430e-02,
       4.71653836e-03, 6.53316849e-04, 3.50162433e-03, 1.00881858e-02,
       -8.21992347e-04, 2.60001514e-03, -6.51497568e-04, 3.08763497e-02,
       3.36554721e-02, 2.04821248e-02, 1.35382628e-02, 8.36187101e-04,
       6.39336370e-03, -4.39018855e-04, 1.32731656e-02, -1.59981642e-02,
       2.93450207e-02, 1.97783690e-02, 8.57729279e-03, 2.52293572e-02,
       1.54258050e-02, -8.02766439e-03, 2.31405850e-02, 1.14569748e-02,
       -1.43082710e-02, 6.03956822e-03, 1.37331188e-02, 3.10734427e-03,
       1.36924740e-02, -1.58391222e-02, 2.76012486e-03, -1.81812495e-02,
       -1.66911597e-03, 4.69634496e-03, 1.65990610e-02, 1.55028682e-02,
       1.15542943e-02, -5.74909989e-03, -7.48102320e-03, 1.78401899e-02,
       8.23416654e-03, 2.19930313e-03, 2.54269727e-02, 1.09345168e-02,
       -1.17200091e-02, -1.75700355e-02, -1.29261089e-03,
       -2.32156971e-03, 4.39811451e-03, 1.27217574e-02, -2.31285440e-03,
       -1.39058819e-02, 5.50702633e-03, 2.95167789e-02, 6.51337765e-03,
       -4.55429638e-03, -1.10470261e-02, -3.60285304e-03,
       -1.22790029e-02, -6.26452733e-04, 2.16444093e-03, 4.46782447e-03,
       -1.51406974e-02, -1.07085668e-02, -2.33417582e-02,
       -1.50905922e-02, -1.91831924e-02, -1.87779963e-02, 5.06956689e-03,
       3.37145403e-02, 1.83654893e-02, 2.90354770e-02, 2.69590807e-03,
       -2.00903951e-03, -4.85332962e-03, -8.85818806e-03,
       -1.06144864e-02, 1.32186208e-02, 4.10423847e-03, 3.16950516e-03,
       -1.16699804e-02, 1.77253243e-02, 3.31401499e-03, -2.54201367e-02,
       1.94366195e-03, 8.93098768e-03, -2.92579401e-02, -1.67147722e-02,
       -4.97518200e-03, 1.61909498e-04, 1.59052368e-02, -1.30016115e-02,
       -1.73278637e-02, 1.87184021e-04, -1.19173471e-02, -1.69621557e-02,
       -1.06007745e-02, -1.61172077e-02, 7.30697904e-03, 2.23383009e-02,
       8.32511205e-03, 4.96599870e-03, -6.52381033e-03, -8.42259731e-03,
       -3.68090882e-03, 2.59142648e-02, 5.94881782e-03, -2.03292631e-02,
       1.43976454e-02, -6.11538673e-03, -1.29412413e-02, 3.02319485e-03,
       -3.07864994e-02, -4.54154424e-03, -6.96759345e-03,
       -2.03625392e-02, -3.53166424e-02, 9.35268588e-03, -2.68862699e-03,
       -1.85152479e-02, -6.18186453e-03, -1.23515949e-02, 3.57786426e-03,
       1.19285891e-02, -1.19303102e-02, -4.22506768e-04, -1.00011118e-02,
       -3.09921801e-03, -1.19920131e-02, -9.08205193e-03,
       -1.27072111e-02, 1.26034366e-02, 8.16900656e-03, -8.51385994e-04,
       -2.77989972e-02, 4.61643003e-03, -8.26630276e-03, 4.22498770e-03,
       -1.24124915e-03, -2.59384662e-02, -2.64542159e-02,
