%YAML:1.0
lay--64x144--: !!opencv-object-detector-hog
   winSize: [ 64, 144 ]
   blockSize: [ 16, 16 ]
   blockStride: [ 8, 8 ]
   cellSize: [ 8, 8 ]
   nbins: 9
   derivAperture: 1
   winSigma: 4.
   histogramNormType: 0
   L2HysThreshold: 2.0000000000000001e-01
   gammaCorrection: 1
   nlevels: 64
   signedGradient: 0
   SVMDetector: [ -1.26117235e-03, 1.84949778e-03, -1.61432885e-02,
       -1.56008927e-02, 7.05084670e-03, -1.80106070e-02, 5.74698579e-03,
       -3.48300710e-02, -2.57407557e-02, 1.96721442e-02, 1.78749282e-02,
       2.31102034e-02, 9.55676381e-03, 1.67038888e-02, 3.27500030e-02,
       1.14283413e-02, 5.01694251e-03, -1.43275103e-02, -1.17027201e-02,
       8.93116742e-03, -1.89437214e-02, -1.46469707e-02, -2.23609842e-02,
       -2.89171468e-02, 7.03560608e-03, 2.34185420e-02, -3.13279182e-02,
       -2.47670636e-02, 2.66945530e-02, -1.36092082e-02, -1.76488403e-02,
       -1.98540222e-02, 1.91848713e-03, -2.27183523e-03, 8.01834464e-03,
       -2.02094931e-02, 1.25737442e-02, 5.80516132e-03, 1.42542496e-02,
       -3.73750576e-03, -1.98525395e-02, 2.39721662e-03, 1.25052258e-02,
       -6.00655843e-03, -1.29921054e-02, 1.85252950e-02, 1.00791035e-02,
       1.92582663e-02, -3.32273394e-02, 5.57399355e-03, 7.10297842e-04,
       -4.23542503e-03, -9.04845446e-03, -1.82340294e-02,
       -2.32731961e-02, 2.34620888e-02, 2.35017631e-02, 2.84539186e-03,
       -1.78138036e-02, 2.06613950e-02, -1.33020477e-02, -2.24422850e-02,
       -1.61273871e-02, -7.81204412e-03, 1.63237955e-02, 3.88071127e-02,
       -2.49549896e-02, 1.51326945e-02, 3.16895312e-03, 1.12806298e-02,
       5.09819156e-03, 1.51298167e-02, -1.40687189e-04, -1.53779993e-02,
       -9.33305267e-03, -3.08525078e-02, -1.00361370e-02, 1.37697449e-02,
       1.72564499e-02, 7.09416717e-03, -3.32335709e-03, 1.49866648e-03,
       2.99684666e-02, 4.26175334e-02, -2.04069503e-02, -4.76347022e-02,
       3.06476075e-02, -2.04492966e-03, 1.55253150e-02, 9.00604576e-03,
       -1.83507036e-02, -7.54886912e-03, 2.44992077e-02, -2.42918488e-02,
       -4.72137099e-03, 1.24976495e-02, 1.03903171e-02, -1.39621766e-02,
       8.22015107e-03, -2.13577412e-03, 3.88670824e-02, 4.81140539e-02,
       2.31034160e-02, -1.79004427e-02, 2.78672371e-02, -9.32838302e-03,
       -1.88631471e-02, 4.23556641e-02, 1.08166737e-02, 1.84276830e-02,
       2.39336230e-02, -4.05261666e-02, -1.81456730e-02, -1.28367739e-02,
       -3.29782069e-02, 5.30912913e-03, 1.23135140e-02, 2.53323074e-02,
       1.74836479e-02, 4.18689065e-02, 1.94484349e-02, -9.44698788e-03,
       5.06096566e-03, -2.77651066e-04, 3.63069363e-02, 2.63334122e-02,
       2.34205257e-02, 1.44449212e-02, 1.53546948e-02, -4.94145341e-02,
       1.06623443e-02, 6.22192351e-03, -1.41669102e-02, -2.98685525e-02,
       3.32926437e-02, 2.59561911e-02, 4.41595400e-03, 2.92406939e-02,
       -1.23040527e-02, 2.17680484e-02, 2.53195614e-02, 1.80180818e-02,
       1.70812253e-02, 4.08051498e-02, 1.30815562e-02, -2.04094741e-02,
       1.91191714e-02, 2.79390835e-03, -3.06478720e-02, -2.26473603e-02,
       -1.30178826e-02, 5.85791469e-03, 1.30861588e-02, 3.21362689e-02,
       -4.51703602e-03, 1.05532035e-02, 2.65372358e-02, 3.03682406e-02,
       1.11001069e-02, -3.69709241e-03, 6.23971457e-03, 7.93080870e-03,
       9.61886626e-03, -2.92385183e-03, 1.78062469e-02, 9.47462209e-03,
       -1.95038747e-02, 2.82499939e-03, -3.95394769e-03, 2.27595642e-02,
       1.89534035e-02, 1.75175909e-02, 4.04802822e-02, 2.82569844e-02,
       5.29317185e-02, 1.75071880e-02, 2.24108212e-02, -2.62947171e-03,
       2.10046023e-02, 7.26294331e-03, 3.54151329e-04, -1.76750554e-03,
       -2.89938389e-03, -4.03608102e-03, -7.31094880e-03,
       -8.56701005e-03, -3.32428962e-02, -7.64131406e-03,
       -1.52736520e-02, 6.33111130e-03, 9.79510043e-03, 2.91336491e-03,
       -2.97662616e-03, 2.02247016e-02, 2.37491028e-03, -2.54359338e-02,
       4.91906481e-04, -3.06057148e-02, 2.46160533e-02, 1.41688474e-02,
       2.91951612e-04, -3.74548556e-03, -2.30745003e-02, -1.17582772e-02,
       -3.81808204e-04, 5.58911785e-02, 1.30512761e-02, 8.26923270e-03,
       1.29901420e-03, 1.08335419e-02, 2.88361907e-02, 1.39789488e-02,
       1.69378601e-03, 4.81997663e-03, 5.31575270e-02, -1.55839836e-02,
       7.00028939e-03, 4.39848809e-04, 3.16338800e-03, -2.60318592e-02,
       -6.74753450e-03, -2.17034090e-02, -2.38907728e-02,
       -2.28745267e-02, -8.90965573e-03, -7.91007373e-03,
       -1.29956997e-03, -1.48684205e-02, -6.11302257e-03, 2.17707288e-02,
       -2.07410939e-02, -8.94372072e-03, -3.95952612e-02,
       -2.74247723e-03, 2.44385563e-02, 3.28813400e-03, 1.50484107e-02,
       6.96707377e-03, -2.19840906e-03, -5.24931494e-03, -1.73027050e-02,
       2.58665029e-02, -6.95874216e-03, 6.62045134e-03, 4.90032835e-03,
       4.53545898e-03, 1.32690025e-02, -8.56262725e-03, 2.71324604e-03,
       2.45586876e-03, 1.77014165e-03, -2.51045004e-02, -2.14101244e-02,
       6.30278233e-03, -1.74098108e-02, -1.15658827e-02, 1.01661943e-02,
       1.35125844e-02, -1.65024120e-02, -2.94172093e-02, -1.65507291e-02,
       -3.87361669e-03, -1.03077488e-02, -2.82298140e-02, 1.59861229e-04,
       5.51855378e-03, 1.96970031e-02, -3.60676460e-02, -1.55223617e-02,
       -5.23292413e-03, 4.19486538e-02, 1.96647551e-02, 1.11197252e-02,
       3.23836468e-02, 1.85713395e-02, 2.32309755e-02, -1.68666919e-03,
       8.57625809e-03, 1.37496907e-02, -3.64969927e-03, 5.79927210e-03,
       -1.50633021e-03, 4.68886793e-02, -1.58983488e-02, 4.67675030e-02,
       9.01682419e-04, 3.95412929e-02, -1.75943859e-02, -7.89111387e-03,
       -5.84319746e-03, -2.92114657e-03, -7.32768094e-03,
       -3.08980024e-03, -3.71098053e-03, -2.07857769e-02,
       -1.00351572e-02, -4.20142058e-03, -2.01355703e-02,
       -2.96215825e-02, -1.52697824e-02, 2.56147906e-02, -1.03281997e-02,
       -1.79092705e-04, -3.18042003e-02, -8.74377880e-03,
       -5.85083105e-03, -2.68825470e-03, 2.02339254e-02, 1.16744172e-03,
       1.33766020e-02, 2.96842530e-02, 3.03113889e-02, 2.69745849e-02,
       2.01961808e-02, -2.14956217e-02, -4.31887573e-03, 1.43331690e-02,
       -3.21443216e-03, 3.53621393e-02, 2.14979686e-02, 3.32410447e-02,
       2.02504341e-02, 6.59343787e-03, -6.64673652e-03, 1.29789682e-02,
       -2.57486291e-02, -1.29432930e-02, 1.01767406e-02, -3.18123177e-02,
       1.88223913e-03, -2.66375188e-02, -2.20593140e-02, 1.58978384e-02,
       -3.41589190e-02, -1.54239973e-02, -5.06995060e-03,
       -1.55151371e-04, -1.55691486e-02, 1.98524483e-02, 1.50736840e-02,
       -5.51120425e-03, -8.52258038e-03, 1.70833599e-02, 2.04332545e-02,
       5.08329773e-04, 1.33671528e-02, -2.43010819e-02, 2.27835272e-02,
       -1.89947477e-03, 4.22126148e-03, -5.52642392e-03, -3.56125012e-02,
       2.02420149e-02, -1.43020637e-02, -4.48832428e-03, -2.78505590e-02,
       2.63292976e-02, 2.11399551e-02, 4.00748923e-02, -4.91507873e-02,
       -1.06973061e-02, -2.05835328e-02, -1.58741493e-02,
       -2.54247244e-02, -7.97779940e-05, 9.70521383e-03, -6.00775611e-03,
       8.54564924e-03, 7.91275874e-03, -1.74693372e-02, -1.84498057e-02,
       3.48192843e-04, 1.29743107e-02, -2.22645584e-03, 2.18808893e-02,
       -4.57185088e-03, 1.16481176e-02, -1.86749324e-02, 1.43048819e-02,
       9.65394266e-03, -1.39118023e-02, -7.97616038e-03, 4.92416183e-03,
       -8.09897948e-03, -4.16853465e-03, 3.02251726e-02, -5.34247002e-03,
       -1.71893258e-02, 8.48396402e-03, 6.06744085e-03, 2.63642129e-02,
       -2.31541209e-02, 9.39469319e-03, 7.87282945e-04, 2.30535772e-02,
       -3.73269580e-02, -1.90772787e-02, 2.06766725e-02, 1.45789050e-03,
       1.45214442e-02, -1.53258368e-02, 1.01863993e-02, -1.80625208e-02,
       1.43197365e-03, -7.91036617e-03, -3.04373410e-02, -1.55568309e-02,
       -2.20515579e-02, 8.62695929e-03, -3.37925851e-02, 7.17593636e-03,
       -1.11935036e-02, -2.04572212e-02, -1.11477654e-02, 2.23713573e-02,
       1.49118816e-02, 6.45886315e-03, -4.96184221e-03, -2.21409686e-02,
