%YAML:1.0
pri--64x144--: !!opencv-object-detector-hog
   winSize: [ 64, 144 ]
   blockSize: [ 16, 16 ]
   blockStride: [ 8, 8 ]
   cellSize: [ 8, 8 ]
   nbins: 9
   derivAperture: 1
   winSigma: 4.
   histogramNormType: 0
   L2HysThreshold: 2.0000000000000001e-01
   gammaCorrection: 1
   nlevels: 64
   signedGradient: 0
   SVMDetector: [ -1.77240500e-03, -8.76354799e-03, 9.24877264e-03,
       -2.81692445e-02, 1.45812649e-02, -1.66845992e-02, -4.37140558e-03,
       1.40239345e-02, -2.43607070e-02, 1.84358545e-02, 2.10282742e-03,
       8.92255921e-03, -3.65839936e-02, -7.03036133e-03, 1.43986857e-02,
       1.13825239e-02, 1.75035745e-02, 5.02087083e-03, -3.32113132e-02,
       -2.12636255e-02, -7.92136416e-03, 7.34518329e-03, 2.08249688e-02,
       2.94928923e-02, 1.40429735e-02, 2.29618605e-02, -1.00245513e-02,
       -1.32256495e-02, 1.17988670e-02, 3.80704477e-02, 7.48421112e-03,
       -7.77516980e-03, -4.37923055e-03, 7.69216334e-04, 1.63102709e-02,
       -1.33881271e-02, 2.61694528e-02, -4.88029234e-03, -6.74024830e-03,
       -3.55853625e-02, -1.46797381e-03, 2.70590764e-02, 5.61534707e-03,
       3.46566347e-04, -3.68892751e-03, 4.08009589e-02, 1.88107938e-02,
       3.02220788e-03, -1.49683133e-02, -3.32773589e-02, 1.14124985e-02,
       4.84439731e-03, -1.26537131e-02, -2.85132718e-03, -1.43415309e-04,
       2.51143631e-02, 2.59793904e-02, -8.03047139e-03, -2.04257946e-02,
       -1.04922634e-02, -6.14780374e-03, 4.33639158e-03, -8.58357456e-03,
       1.09611107e-02, 1.76296942e-02, 1.44213745e-02, 1.34433247e-02,
       2.14993767e-03, 1.05937093e-03, 1.58890523e-02, 1.72859710e-02,
       -1.03304964e-02, 2.59350426e-02, 9.30793583e-03, -5.74464491e-03,
       -3.02724354e-02, -3.00605912e-02, -1.79159623e-02, 2.11637397e-03,
       -1.12697305e-02, -1.02008670e-03, 3.61155439e-03, 2.14262642e-02,
       2.30828337e-02, -3.24607305e-02, -6.42057799e-04, -1.48206940e-02,
       -4.38534422e-03, -1.54417111e-02, -8.69474653e-03, 1.32474559e-03,
       6.69805508e-04, 3.68821248e-02, -7.21507845e-03, -3.29186358e-02,
       -3.66108529e-02, -1.73610752e-03, 2.52557211e-02, 2.49456428e-03,
       1.77276824e-02, 6.03140667e-02, 5.29821776e-02, 4.15664986e-02,
       8.56190175e-03, -5.22004394e-03, 5.31404046e-03, 3.20223765e-03,
       3.47329606e-03, -3.42816524e-02, -3.62950889e-03, -1.36090652e-03,
       -1.84259098e-02, -2.19572540e-02, -1.86285659e-04, 2.22761277e-03,
       1.76084060e-02, 2.07054205e-02, -2.05383636e-02, -9.41624492e-03,
       1.86398737e-02, 4.65022819e-03, -8.21570959e-03, -3.81688140e-02,
       2.44655833e-03, 2.74086799e-02, 2.59187128e-02, -2.20632907e-02,
       2.76508182e-02, 2.22754516e-02, -1.65357888e-02, -1.02810748e-02,
       -1.39544941e-02, -1.70752537e-02, -8.01752467e-05, 2.51079025e-03,
       -1.57400742e-02, -4.34642797e-03, 2.06476841e-02, -1.32555247e-03,
       -8.72920919e-03, -3.05031184e-02, 1.16188806e-02, 1.91725492e-02,
       -1.78615712e-02, -1.24838976e-02, -2.68133171e-02, 1.40804220e-02,
       1.42621966e-02, -3.81661877e-02, -1.18124364e-02, 6.87147258e-03,
       1.73203908e-02, 2.66869590e-02, 5.46773849e-03, 9.79255047e-03,
       2.56083794e-02, 5.43816201e-02, 3.23808985e-03, 2.56468151e-02,
       -1.11011518e-02, -7.04138028e-03, 2.33726781e-02, 3.78971966e-03,
       -2.87691336e-02, -8.20938090e-04, 2.07675458e-03, -4.28010011e-03,
       -2.61182524e-02, 2.25196611e-02, 5.18541075e-02, 1.92343984e-02,
       5.54100797e-03, -1.84145253e-02, -1.92028154e-02, 2.46254005e-03,
       2.37930026e-02, 1.48444597e-04, 2.18729675e-02, 4.54990752e-02,
       7.45835481e-03, -1.57680847e-02, 9.66957305e-06, -1.42452586e-02,
       2.93823723e-02, -2.78245006e-03, -7.87770725e-04, -8.69409461e-03,
       -2.39575226e-02, -2.37978734e-02, -3.42186056e-02,
       -4.86216275e-03, -8.71063676e-03, 1.56802908e-02, -7.97509402e-03,
       2.11192798e-02, -3.76226678e-02, -3.31078582e-02, -9.09716170e-03,
       2.61114817e-02, -9.06579290e-03, -2.34094430e-02, -1.94639061e-03,
       -1.20117934e-02, -3.64313424e-02, 5.28405840e-03, 3.81586514e-02,
       1.45868491e-02, 6.89888792e-03, -2.94148419e-02, -4.81137447e-03,
       -3.37198726e-03, -3.55447456e-02, -2.83454638e-02,
       -2.93454304e-02, 5.96099123e-02, -3.91717851e-02, -9.02031269e-03,
       -1.43450629e-02, 1.10429730e-02, 9.42364335e-03, 1.31455781e-02,
       3.26497555e-02, -2.83261035e-02, -3.73436622e-02, -3.02196145e-02,
       -3.49714677e-03, -2.07312331e-02, -1.97371133e-02,
       -2.14178534e-03, -4.01495770e-03, 2.75190007e-02, 1.46541316e-02,
       -2.29604468e-02, -2.76058968e-02, 3.92248929e-02, -3.75966937e-03,
       1.12434188e-02, -7.80753745e-03, -6.31629163e-03, -2.87733022e-02,
       -4.68898527e-02, 3.81259397e-02, -2.71203415e-03, -3.86924687e-04,
       -1.54424179e-02, 2.27901991e-02, 2.01555644e-03, -3.27688344e-02,
       -3.57227190e-03, -8.89514200e-03, 1.71495862e-02, -2.41181776e-02,
       -7.78789763e-06, -1.15563693e-02, -8.23803886e-04, 5.49651589e-03,
       -2.49009561e-02, 4.31264378e-03, 4.56972141e-03, -1.30192814e-02,
       -1.63955279e-02, -5.01954835e-03, -6.16034772e-03,
       -4.38235642e-04, 1.61888544e-02, -1.63201392e-02, -2.60680867e-03,
       -2.64263875e-03, -2.55916137e-02, -2.60836259e-02, 8.08182266e-03,
       -2.14276835e-02, 2.49226186e-02, 1.54772459e-03, 2.71473136e-02,
       8.39456078e-03, 1.37884752e-03, -6.28144061e-03, -1.51495226e-02,
       -2.75031738e-02, -6.52125059e-03, -9.17361304e-03, 3.21553345e-03,
       -1.66250858e-02, 2.18378864e-02, 1.12806261e-02, 9.34107043e-03,
       -3.88083644e-02, -3.49901756e-03, -1.03447130e-02, 1.71260396e-03,
       5.67874825e-03, 2.67202128e-03, 1.67413373e-02, 1.69122294e-02,
       -2.71783005e-02, -2.98297424e-02, 2.91356840e-03, 1.55016836e-02,
       1.44360401e-02, 9.43419617e-03, -1.42867200e-03, 1.53266778e-02,
       -2.81923334e-03, -5.51829580e-03, -2.17366386e-02, 4.28065285e-03,
       -8.91712087e-04, -4.76672128e-03, 1.49586052e-02, -1.80338845e-02,
       3.91859114e-02, -4.72462364e-03, 2.22553089e-02, -1.34475669e-02,
       -2.75707059e-02, -1.66542437e-02, -6.38017477e-03, 2.61115991e-02,
       -6.53867004e-03, 2.88717467e-02, -2.74114665e-02, -4.76218201e-03,
       -4.04078886e-02, 1.74867343e-02, 4.99920035e-03, 1.08661065e-02,
       9.41365026e-03, -1.02529628e-02, -1.73064824e-02, 3.57447448e-03,
       5.50555624e-03, -1.27171930e-02, 4.41060727e-03, -7.69061549e-03,
       -1.28994519e-02, -9.90658998e-03, -1.63796563e-02, 1.25551773e-02,
       -4.59874654e-03, -1.30329235e-03, -2.43914817e-02, 3.97841521e-02,
       -3.20078409e-03, 2.95446720e-02, 1.77933704e-02, -5.93033805e-03,
       1.82914315e-03, -6.27599563e-03, 2.16073357e-03, 9.63543169e-03,
       -2.16399878e-02, -1.58350263e-02, -3.62824625e-03, 3.26182805e-02,
       -2.53180042e-03, 8.43411684e-03, -3.35613103e-03, 1.16007244e-02,
       -4.11568061e-02, 7.54114054e-03, 1.46016506e-02, -1.39651401e-02,
       8.80313572e-03, -6.40874449e-03, 1.31780719e-02, -5.99636463e-03,
       -1.06125576e-02, -2.28581466e-02, 1.99540090e-02, 1.19314939e-02,
       8.92161299e-03, 1.49603952e-02, -1.65728554e-02, -2.50940374e-03,
       6.52946858e-03, -2.10163333e-02, -1.56236636e-02, -2.09226515e-02,
       -3.77537846e-03, -2.62090433e-02, 5.35555836e-03, 2.99908817e-02,
       2.47292034e-02, 2.06353031e-02, 5.78254974e-03, -2.69420762e-02,
       -2.42112912e-02, 3.70058715e-02, -3.42103746e-03, 2.22447217e-02,
       3.61526422e-02, 1.25772143e-02, -1.60823914e-03, -1.28800934e-02,
       -2.55081803e-02, 1.09640462e-02, -8.43951758e-03, -1.54266190e-02,
       1.95649788e-02, -1.45092979e-02, 1.41631076e-02, 7.17749028e-03,
       -9.68450401e-03, -3.28024924e-02, 9.16290749e-03, 9.57862567e-03,
       -1.26468400e-02, 8.31331406e-03, -1.27217583e-02, -7.43758958e-03,
       -1.77385639e-02, -4.04283684e-03, -3.70625891e-02, 1.75025929e-02,
