%YAML:1.0
pringle--72x144--: !!opencv-object-detector-hog
   winSize: [ 72, 144 ]
   blockSize: [ 16, 16 ]
   blockStride: [ 8, 8 ]
   cellSize: [ 8, 8 ]
   nbins: 9
   derivAperture: 1
   winSigma: 4.
   histogramNormType: 0
   L2HysThreshold: 2.0000000000000001e-01
   gammaCorrection: 1
   nlevels: 64
   signedGradient: 0
   SVMDetector: [ 1.00900559e-02, 1.28914807e-02, 1.21074403e-02,
       2.80744280e-03, 1.92402059e-03, 1.69204711e-03, 1.33762639e-02,
       -2.03903373e-02, -1.61134116e-02, 6.33413577e-03, 6.77232211e-03,
       1.94178373e-02, -1.47781903e-02, -1.52698448e-02, -1.88651420e-02,
       4.75479849e-03, 1.56994611e-02, 2.44928394e-02, -2.30179653e-02,
       -1.37926536e-02, 8.05533305e-03, 1.08149434e-02, 1.37678320e-02,
       2.36391779e-02, 3.93136777e-03, 9.77871381e-03, -2.40430534e-02,
       -7.37577211e-03, -2.35143136e-02, -5.60802734e-03,
       -1.21259270e-02, 7.20945373e-03, 1.65519607e-03, 5.48215955e-03,
       1.74638852e-02, -6.55393233e-04, -7.16808252e-03, 1.02372011e-02,
       2.10240502e-02, 8.37639254e-03, 3.32365856e-02, -8.67050141e-03,
       -6.97679864e-03, -3.72604397e-03, 1.63008198e-02, -6.35610661e-03,
       2.03836206e-02, 2.67556775e-02, -1.89774763e-02, -2.04090718e-02,
       -1.40285902e-02, 3.85142560e-03, -2.93180551e-02, -1.79561507e-02,
       3.85006890e-03, -1.21551985e-02, 1.03266984e-02, 2.51458008e-02,
       -1.54872080e-02, -8.63484945e-03, 1.60187706e-02, 4.62091900e-03,
       -1.36270514e-02, 1.45994341e-02, 7.62593746e-03, 1.88422073e-02,
       -2.41025258e-02, 6.38777949e-03, -1.47627303e-02, 3.79692316e-02,
       8.99216812e-03, -1.54445851e-02, 1.06549310e-02, -6.63160672e-03,
       7.85084721e-03, -2.32863743e-02, -7.70486053e-03, -1.69150271e-02,
       8.49098712e-03, -1.89282782e-02, 1.98729374e-02, -3.25516006e-03,
       1.02095157e-02, 7.68280355e-03, -2.27367803e-02, -5.65935079e-05,
       -2.48470064e-02, 3.57037690e-03, -1.85857359e-02, -7.12095469e-04,
       4.83059743e-03, 9.42171144e-04, 1.24602392e-02, -2.93688290e-02,
       1.54094053e-02, -3.52012329e-02, 9.67613421e-03, 1.77670475e-02,
       -6.34631235e-03, 1.96707118e-02, 4.21890952e-02, 3.75871807e-02,
       2.73744203e-03, -1.72228236e-02, 2.12233234e-02, 2.34512035e-02,
       4.61929366e-02, 2.53698020e-03, -8.31992645e-03, -5.36708441e-03,
       -6.44160528e-03, -4.98266742e-02, 1.47311983e-03, -4.03300561e-02,
       -1.72466468e-02, -2.32498292e-02, -1.03017790e-02, 2.13570036e-02,
       1.96717065e-02, 2.00203117e-02, -2.48542912e-02, 1.68252382e-02,
       5.81397349e-03, -1.51995914e-02, -2.12053563e-02, 9.95911099e-03,
       5.33151440e-03, 1.47411637e-02, 1.76300481e-02, -1.66512746e-02,
       -8.50485638e-03, -1.24305300e-02, 3.82945091e-02, 4.61180396e-02,
       -2.03982624e-03, 1.08672939e-02, -1.14773437e-02, 4.83409548e-03,
       7.08155520e-03, 3.49739417e-02, 1.71942990e-02, 2.27023605e-02,
       2.58128364e-02, 7.41117168e-03, -9.85862687e-04, 5.98936167e-04,
       1.14705814e-02, -3.21494937e-02, -7.31319981e-03, -6.69346284e-03,
       -3.33689004e-02, -3.17665450e-02, 1.04987388e-03, -3.15821134e-02,
       1.19235110e-03, 9.56982933e-03, -5.36841480e-03, 4.41179099e-03,
       8.93497467e-03, -1.30988378e-03, -1.24110365e-02, -2.29183771e-02,
       -2.15009763e-03, -2.63528451e-02, -8.45332444e-03,
       -7.94847123e-03, 1.23511851e-02, 5.23197514e-06, -5.54250106e-02,
       -1.52315237e-02, -3.26994387e-03, -2.30240114e-02, 5.44034410e-03,
       -9.32517461e-03, -2.57768505e-03, -6.92699431e-03,
       -7.53836986e-03, -4.10633422e-02, -2.05545966e-02,
       -1.25535894e-02, -2.56819073e-02, 6.30852825e-04, -2.07050834e-02,
       -3.44678871e-02, -1.78429689e-02, -6.45142864e-04,
       -2.06380039e-02, -3.56592871e-02, -1.20974258e-02,
       -3.52299144e-03, 9.91834886e-03, -2.03469060e-02, -1.25277834e-02,
       -2.25243606e-02, -4.00605146e-03, -4.27165814e-03,
       -3.07913776e-02, 8.00185278e-03, -5.81654313e-04, -1.95438857e-03,
       -5.64548140e-03, -2.40905806e-02, -2.22991481e-02,
       -1.95095164e-03, -1.87484808e-02, -4.95674089e-03,
       -7.98470899e-03, -6.52583456e-03, 7.72767235e-03, -4.21576202e-03,
       7.95645826e-03, -2.58001387e-02, 5.58479223e-03, -6.25810213e-03,
       -2.07629669e-02, -1.28516937e-02, -2.23667035e-03, 1.29778460e-02,
       -3.11746728e-03, 8.57949071e-03, -8.49678274e-03, 8.31012055e-03,
       1.92079060e-02, -2.35878234e-03, -5.73871145e-03, 9.73853469e-03,
       9.53596737e-03, -1.80269331e-02, -1.03464294e-02, -7.63827516e-03,
       -7.59710651e-03, 1.80221274e-02, -1.30454833e-02, 5.73700713e-03,
       -2.66304873e-02, 1.84360202e-02, 8.46240763e-03, 3.10252737e-02,
       -6.31737849e-03, 1.34841353e-02, 1.01193432e-02, -3.87482764e-03,
       -1.30578699e-02, -1.41660068e-02, -1.45029724e-02,
       -1.52484560e-03, 1.01769501e-02, 5.19415655e-04, -7.59408344e-04,
       -2.05418188e-02, -2.93271635e-02, -2.68503185e-02,
       -9.70822666e-03, -1.74123924e-02, -5.33872750e-03, 1.09313531e-02,
       -1.43318735e-02, 2.18714145e-03, 2.98766382e-02, -7.11976038e-03,
       5.00809122e-03, 1.12153916e-02, -7.66394148e-03, -6.79860311e-03,
       2.63775568e-02, -1.39087979e-02, 1.08275171e-02, -2.83245090e-03,
       3.99596477e-03, 1.38408514e-02, -6.55350834e-03, -7.86956213e-03,
       -1.08361822e-02, 2.36979090e-02, -4.13900353e-02, 1.44615471e-02,
       4.42685373e-03, -1.80983841e-02, -2.35723443e-02, -1.30690234e-02,
       -3.19210021e-03, -6.43727183e-03, 1.74503010e-02, -1.83013622e-02,
       6.36775186e-03, -1.09671736e-02, -2.16907300e-02, -2.67994590e-02,
       -1.37508344e-02, -1.59057509e-02, -5.26951440e-03, 1.33565553e-02,
       -2.29779864e-03, 1.09143024e-02, -7.20085064e-03, -3.09952348e-03,
       -2.64205299e-02, -2.96657346e-02, 5.89823024e-03, 2.67773657e-03,
       -1.44495349e-02, -2.50228168e-03, 7.59065803e-03, 2.11124793e-02,
       2.09448412e-02, -2.05350406e-02, -3.45218442e-02, -3.54166962e-02,
       -3.75890126e-03, 1.96049325e-02, -1.52194658e-02, 2.35306425e-03,
       -3.09593063e-02, -4.57973965e-02, -5.27258217e-02,
       -2.04585120e-02, -1.85207892e-02, -6.85748179e-03, 3.30588259e-02,
       4.14277893e-03, 2.18451452e-02, 1.02703432e-02, 5.62520057e-04,
       -1.00066829e-02, -7.42744468e-03, -8.30908958e-03,
       -6.38586422e-03, -7.69581366e-03, -2.52273679e-02,
       -4.42405231e-03, -1.81703072e-03, 1.02840858e-02, 4.55518346e-03,
       -1.28338989e-02, 3.03381798e-03, 2.29008589e-02, 2.93684565e-02,
       -9.29854065e-03, -7.87870493e-03, -6.33331947e-03, 8.95726867e-03,
       4.32762550e-03, -3.52137573e-02, 3.85338417e-03, 2.54160520e-02,
       2.10853070e-02, -5.62137784e-03, 2.81728990e-03, -2.64010001e-02,
       -2.25181002e-02, -9.10704210e-03, -4.61922660e-02, 5.81583101e-03,
       1.25107318e-02, 2.63025034e-02, -2.25995798e-02, 6.06984599e-03,
       -2.73495466e-02, -2.07907166e-02, -1.76447928e-02,
       -2.14320887e-02, 6.54039346e-03, 1.64155010e-02, 3.52323544e-03,
       -5.97625505e-03, 6.44372404e-03, -4.43526125e-03, 1.02196215e-02,
       -3.24380882e-02, -1.08125797e-02, -1.89852100e-04,
       -2.49730237e-02, -2.12048963e-02, -4.48682047e-02, 1.91074237e-02,
       3.60528030e-03, 2.31743380e-02, -2.74011884e-02, 9.96479765e-03,
       4.57331957e-03, -8.13288428e-03, 2.37952676e-02, -1.68074656e-03,
       2.97164116e-02, 7.04641407e-03, -1.83268730e-02, 2.92336359e-03,
       -2.33436096e-02, -1.50756156e-02, -1.46330707e-02, 3.31684798e-02,
       -1.69753544e-02, 1.84050072e-02, -2.58899783e-03, -1.68351699e-02,
       -2.30682734e-02, -1.62419602e-02, -4.77578072e-03,
       -2.17553787e-02, 2.27612089e-02, -3.56035717e-02, 2.39567198e-02,
       -6.74356415e-04, 2.06527654e-02, -2.65624188e-02, -1.28909983e-02,
       8.68294912e-04, -4.57134889e-03, 3.01800407e-02, -2.85314256e-03,
       1.05606103e-02, -4.64150831e-02, -7.42192194e-03, -1.60222575e-02,
