%YAML:1.0
pumper_nickel--72x144--: !!opencv-object-detector-hog
   winSize: [ 72, 144 ]
   blockSize: [ 16, 16 ]
   blockStride: [ 8, 8 ]
   cellSize: [ 8, 8 ]
   nbins: 9
   derivAperture: 1
   winSigma: 4.
   histogramNormType: 0
   L2HysThreshold: 2.0000000000000001e-01
   gammaCorrection: 1
   nlevels: 64
   signedGradient: 0
   SVMDetector: [ -4.21525864e-03, 1.66222602e-02, 1.74379554e-02,
       1.58529654e-02, 6.31164899e-03, 7.56658893e-03, -2.14773277e-03,
       -8.22025724e-03, 8.09877273e-03, 2.51502674e-02, 1.13561219e-02,
       5.97422710e-03, 3.61042768e-02, -7.80621218e-03, -1.03026461e-02,
       6.07915130e-03, 5.69388550e-03, 6.25018787e-04, -8.89795832e-03,
       7.66705582e-03, -6.07685931e-03, 2.80353311e-03, 1.12505117e-02,
       6.59173029e-03, -1.31523272e-03, 1.28100146e-04, -8.81066138e-04,
       1.52085628e-02, -3.45930341e-03, -2.54653040e-02, -5.47768734e-03,
       -2.28223521e-02, 6.96699973e-03, 1.84369658e-03, 1.85657758e-03,
       1.34090544e-03, 2.52383202e-02, 1.34431133e-02, -1.33805303e-03,
       1.04918797e-02, -4.97369049e-03, -1.85832325e-02, 2.18347777e-02,
       1.27835162e-02, 7.27328984e-03, -9.95551702e-03, -5.03842859e-03,
       -4.39872645e-04, -1.11218519e-03, -2.18510944e-02, 4.38079983e-03,
       -9.44489054e-03, 3.32233347e-02, -1.81970242e-02, 3.23733990e-03,
       2.15338729e-03, -2.89079212e-02, -1.06332107e-02, 1.14773773e-02,
       6.64980710e-03, 1.48339698e-03, -5.41091757e-03, -1.97027531e-03,
       2.23541656e-03, 1.31144822e-02, 2.11286056e-03, -1.34990213e-03,
       -2.87010847e-03, 1.58603732e-02, -9.44061112e-03, -1.26504321e-02,
       9.43436404e-04, 6.24367874e-03, -9.83216614e-03, -1.92529019e-02,
       -1.28196413e-02, 1.94745064e-02, -6.06281776e-03, -1.45083936e-02,
       1.25453295e-02, 2.49654893e-02, 8.18505231e-03, -5.28837601e-03,
       -1.60626210e-02, -1.34675475e-02, -1.18509410e-02,
       -1.84552558e-02, -1.70138907e-02, 1.20965131e-02, 2.09575668e-02,
       -8.50440096e-03, 6.11094944e-03, -3.33208567e-03, -1.62941497e-02,
       1.60600487e-02, -3.70687060e-03, -1.04673980e-02, -2.60454733e-02,
       -1.33036887e-02, 4.11835499e-03, 1.21827768e-02, -2.63900626e-02,
       -1.99708976e-02, 2.79047824e-02, -2.62522679e-02, -1.28216818e-02,
       1.66148413e-03, 1.43543351e-02, 8.63814913e-03, -3.95348109e-03,
       -2.04135105e-02, -1.25619508e-02, -1.53982518e-02,
       -4.17666917e-04, -1.85815413e-02, 4.40936256e-03, -1.38292644e-05,
       -1.40924053e-02, -1.31862964e-02, -5.10938000e-03,
       -1.22662541e-03, -1.49703374e-05, 1.99829764e-03, -1.20317871e-02,
       2.26610415e-02, -1.86676364e-02, 4.84507764e-03, -4.06947779e-03,
       -3.42777297e-02, 7.53899477e-03, 8.86872411e-03, -2.63696145e-02,
       -1.46628860e-02, -5.98777737e-03, 2.16156966e-03, 6.57278346e-03,
       7.45216245e-03, -1.35936134e-03, 2.45330222e-02, 4.45850100e-03,
       -4.85019712e-03, -5.14780171e-03, 8.36945139e-03, 3.28464992e-03,
       -3.89467366e-03, -2.13378519e-02, -6.76563336e-03,
       -9.85320006e-03, -4.76221964e-02, -1.39035275e-02,
       -1.61414742e-02, 1.69108540e-03, -2.35985056e-03, 5.88732306e-03,
       -1.03931976e-02, 3.18679214e-03, 2.58989725e-02, 1.07391020e-02,
       6.10290772e-05, -8.09312053e-03, 3.93549586e-03, 9.66975652e-03,
       -1.33037167e-02, 6.99021947e-03, 1.17636807e-02, 1.32777039e-02,
       -1.57280546e-02, 7.61403795e-03, -2.69889720e-02, -7.87805114e-03,
       -6.30499423e-03, -5.63946459e-03, -4.70850011e-03, 9.29542165e-03,
       1.79726612e-02, 2.31789821e-03, -5.42805716e-03, -5.69841213e-05,
       -5.18298009e-03, -1.69200841e-02, -1.25466874e-02,
       -1.17692882e-02, 5.92091167e-03, -2.59402860e-03, -1.15185685e-03,
       1.41626820e-02, -4.31367243e-03, -3.76106380e-03, -6.79944223e-03,
       -3.14374566e-02, -5.37004275e-03, -1.88554954e-02,
       -1.14692748e-03, 1.47041362e-02, 3.09989974e-02, 5.49058476e-03,
       -2.30161194e-03, -3.30041498e-02, -1.36624498e-03,
       -4.91486909e-03, 1.57481227e-02, 1.35567635e-02, -1.93252619e-02,
       -1.46870874e-03, -1.77210830e-02, -1.82965044e-02,
       -7.32138008e-03, -1.43095164e-03, -1.23105093e-03,
       -4.00168123e-03, 2.21970957e-02, -2.94028390e-02, 2.06707790e-02,
       8.41786247e-03, -1.74145196e-02, -1.71159972e-02, -2.88309646e-03,
       -1.02898069e-02, -1.02046421e-02, -7.07927020e-03, 5.54938160e-04,
       3.91642563e-03, -1.26415119e-02, -8.71975627e-03, 3.68503155e-03,
       2.04075687e-02, -5.74858813e-03, 1.54446661e-02, -1.82599146e-02,
       7.38504110e-03, 9.68039222e-03, -1.48045609e-03, -1.01709887e-02,
       1.81676466e-02, -1.33793028e-02, -1.46374442e-02, -2.10375467e-04,
       9.15008318e-03, -3.96796502e-03, 4.09599170e-02, 1.53850215e-02,
       -8.42739828e-03, -1.70255452e-02, 1.32183954e-02, 1.84745770e-02,
       3.15193948e-03, 7.63847865e-03, -7.92265171e-04, 1.65072493e-02,
       8.47162155e-04, -7.44061032e-03, 1.89503131e-03, -1.24182031e-02,
       -1.52844330e-02, -1.88155309e-03, -2.38558576e-02,
       -1.76563393e-02, 8.77841283e-03, -6.14365656e-03, -3.35649773e-03,
       -3.95409809e-03, -1.06911454e-02, 2.43805908e-02, 2.83818226e-02,
       2.10456476e-02, 1.10212052e-02, 3.77972871e-02, -2.45901067e-02,
       -1.54089322e-02, -1.62346680e-02, -1.47446652e-03, 1.99110489e-02,
       -6.26535201e-03, -3.65315657e-03, -5.43490006e-03, 1.84770506e-02,
       -1.22910161e-02, -9.44703701e-04, -2.15511248e-02,
       -2.89266817e-02, 3.32466763e-04, -1.09987827e-02, 8.41836073e-03,
       -7.46720843e-03, 3.91847380e-02, -1.00732641e-02, -4.78272606e-03,
       -1.38943801e-02, -1.82283372e-02, 1.49964355e-02, 1.72901470e-02,
       -5.84066194e-03, -6.99819531e-03, 1.77496634e-02, 5.12492424e-03,
       -1.44372536e-02, -6.57037273e-03, 3.44805443e-03, -6.41099352e-04,
       -5.10467617e-05, 8.24606139e-03, -1.45146344e-02, -2.92810169e-03,
       -3.29488539e-03, 5.25210612e-03, -4.33123251e-03, -2.40175910e-02,
       -1.41796644e-03, -1.08715696e-02, -1.22423377e-02,
       -2.77011339e-02, 2.39959285e-02, 1.54850753e-02, 5.90960169e-03,
       -1.51340133e-02, -3.51462327e-02, 2.38004117e-03, -3.52873374e-03,
       1.30183809e-02, -4.84050214e-02, 1.28636528e-02, -2.01003533e-03,
       3.48170870e-04, -3.88825759e-02, -2.51778308e-03, -1.04430821e-02,
       -2.29677130e-02, 6.66066678e-03, -1.68548152e-02, 1.89469047e-02,
       7.60427164e-03, 7.76081672e-03, 3.10167540e-02, -1.48911327e-02,
       -8.14155582e-03, 1.19000645e-02, 2.13604793e-02, 5.40278153e-03,
       -6.65799761e-03, -7.26738805e-03, -1.53421843e-02, 1.40491597e-04,
       -1.39055829e-02, -2.83505418e-03, -9.28920414e-03, 1.17940027e-02,
       -2.04579476e-02, -3.41647374e-03, -5.91923902e-03,
       -2.81660981e-03, -1.34433452e-02, -1.07955430e-02,
       -4.18619998e-03, 3.68058449e-03, 2.27653217e-02, -5.74844889e-03,
       -1.57941002e-02, -2.27262080e-02, -5.24717104e-03,
       -2.37169373e-03, 9.79680382e-03, 1.10391052e-02, 2.03770939e-02,
       4.63899970e-03, 8.42917897e-03, -2.01926960e-04, -2.23416984e-02,
       -3.83246341e-03, 1.04881739e-02, -9.38155502e-03, -1.00979325e-03,
       -2.87395529e-03, -4.73165279e-03, -3.09871752e-02, 3.76841892e-03,
       -3.54961641e-02, -2.45901085e-02, -5.22696646e-03, 7.81331956e-03,
       1.40778162e-02, 1.79133378e-02, 8.74612294e-03, -2.87594907e-02,
       -6.13118941e-03, 1.27323139e-02, -8.24015308e-03, 2.89624231e-03,
       -7.92904664e-03, 1.08324806e-03, -1.12382472e-02, -3.17310635e-03,
       1.35603854e-02, 3.71260988e-03, -1.43042416e-03, 3.43427295e-04,
       -5.43849589e-03, -3.74522107e-03, 1.56987412e-03, -7.27270544e-03,
       -5.82157727e-03, 1.66601024e-03, -1.97048718e-03, -2.30050385e-02,
       -1.63986180e-02, -6.15825737e-03, -1.79141238e-02,
       -5.13014523e-03, -1.57757215e-02, -4.02790587e-03, 9.22483392e-03,
       -3.13419616e-03, -9.14980285e-03, 4.67141159e-03, -7.80436303e-03,
