%YAML:1.0
shampoo--72x144--: !!opencv-object-detector-hog
   winSize: [ 72, 144 ]
   blockSize: [ 16, 16 ]
   blockStride: [ 8, 8 ]
   cellSize: [ 8, 8 ]
   nbins: 9
   derivAperture: 1
   winSigma: 4.
   histogramNormType: 0
   L2HysThreshold: 2.0000000000000001e-01
   gammaCorrection: 1
   nlevels: 64
   signedGradient: 0
   SVMDetector: [ 2.36551277e-02, 6.86238753e-03, -5.55102341e-03,
       -2.27596634e-03, -1.54680274e-02, 1.19564412e-02, -1.48439491e-02,
       -3.22448984e-02, -1.17469318e-02, 8.17728695e-03, -2.23323591e-02,
       -2.59750132e-02, -9.23896383e-04, -3.65649059e-04,
       -6.16676034e-03, -1.34115722e-02, -8.76665860e-03,
       -4.69149649e-03, 1.26929907e-02, 1.11270184e-02, -8.31581466e-03,
       -1.34144267e-02, -2.55070953e-03, 4.25794236e-02, -2.01151648e-04,
       6.10918272e-03, -1.69791281e-02, -8.51718988e-03, -8.03724676e-03,
       -8.04221909e-03, 6.62602624e-03, -6.30495197e-04, 1.56714786e-02,
       6.82863407e-03, 9.24953260e-03, 1.17298840e-02, -2.82641500e-04,
       -1.76345240e-02, -2.42341049e-02, 1.88179053e-02, 9.83465649e-03,
       -1.03496518e-02, 1.06358714e-02, 2.04982789e-04, -9.73945297e-03,
       1.16205923e-02, 2.52014841e-03, 6.79492159e-03, 1.91072877e-02,
       6.06134254e-03, -1.15287781e-04, -9.34079476e-03, 6.57031126e-03,
       1.35906460e-02, -6.74582785e-03, 6.23639266e-04, -3.63158225e-03,
       1.31726824e-03, 2.51961057e-03, -2.05966551e-03, 1.08374115e-02,
       8.73445009e-04, 3.33121559e-03, 2.70321909e-02, -7.14428909e-03,
       8.96850321e-03, 2.14111265e-02, 1.35034677e-02, 1.04983533e-02,
       1.17159430e-02, 1.88439013e-03, 1.17559051e-02, -5.54814981e-03,
       -3.25873174e-04, 3.95715469e-04, 1.15753533e-02, 5.97036385e-04,
       6.28776429e-03, -1.27055394e-02, 5.12549933e-03, 3.68409813e-03,
       -4.35170811e-03, 5.71827451e-03, -1.43134724e-02, -1.56973507e-02,
       1.17208492e-02, 1.59632824e-02, 1.15904547e-02, 1.43196182e-02,
       1.63935907e-02, 5.29622519e-03, -3.35831475e-03, -6.68593636e-03,
       8.55133124e-03, 8.24071700e-04, 8.73109046e-03, -1.00108786e-02,
       -1.98055822e-02, -1.01218605e-02, 1.60495583e-02, 2.26187445e-02,
       -3.82980471e-03, -8.31650512e-04, -3.95132182e-03, 9.17500071e-03,
       1.18332691e-02, 8.86564516e-03, 1.74755715e-02, 4.32458147e-03,
       -1.69934891e-02, -2.97890394e-03, 8.21530726e-03, 3.04400292e-03,
       -9.19715129e-03, -1.10101076e-02, -7.82970153e-03, 2.58978531e-02,
       3.21095213e-02, -2.24381289e-03, -3.29960277e-03, -6.97756326e-03,
       -2.47780350e-03, -2.26685265e-03, 3.33261909e-03, -1.04567455e-02,
       2.24884618e-02, 2.48110685e-02, -3.06170317e-03, -6.11479953e-03,
       -2.84454436e-03, -6.81932457e-03, -3.61954910e-04, 1.26960411e-04,
       2.30246922e-03, 4.61411756e-03, -3.88307567e-03, 1.04485443e-02,
       -8.46942049e-03, -1.38512184e-03, -1.61007792e-02,
       -1.47557538e-02, 2.63703358e-03, -5.38522098e-03, -4.78714053e-03,
       -1.46323228e-02, -2.39400063e-02, 4.87913797e-03, -1.56152798e-02,
       2.77772080e-03, 4.16731555e-03, 1.49667114e-02, -1.08651128e-02,
       -5.72321145e-03, -2.71559469e-02, -1.63354650e-02, 5.02587156e-03,
       1.43878348e-02, -4.95418161e-03, 1.98181216e-02, 5.70850261e-03,
       2.32886821e-02, 5.36408974e-03, -2.87229884e-02, -8.09188839e-03,
       -5.18521480e-03, -5.81728155e-03, 1.43332845e-02, -3.54907895e-03,
       9.98315215e-03, 4.26333107e-04, -2.34722532e-02, -2.38725785e-02,
       9.54118557e-03, 1.13694612e-02, 1.23231383e-02, -3.06302169e-03,
       1.98114123e-02, 3.73546442e-04, -1.98231824e-03, 4.55709221e-03,
       -1.11258710e-02, -1.43809980e-02, 2.12982483e-02, 4.91698226e-03,
       -4.01514629e-03, -1.54087588e-03, -3.61939729e-03, 1.38594704e-02,
       5.36169996e-03, 1.18664966e-03, -6.64016278e-03, 1.15246037e-02,
       4.28252155e-03, -1.79748069e-02, -5.09852357e-03, -1.80604379e-03,
       -9.28902067e-03, 2.30399542e-03, -7.14261085e-04, -1.36490818e-02,
       2.05820031e-03, -6.71365112e-03, 1.15094790e-02, 6.10934058e-03,
       -1.56018948e-02, -1.44473473e-02, 2.70978943e-03, 2.29547489e-02,
       -4.11460269e-03, -1.46803493e-03, -2.11252533e-02, 1.07205566e-02,
       -1.16084202e-03, -8.28636624e-03, -5.80333453e-03, 4.81583236e-04,
       -1.70611346e-03, 3.41230119e-03, -5.21609047e-03, -1.29473954e-02,
       3.46799195e-03, -2.59584491e-03, 1.83610078e-02, 9.65165906e-03,
       -1.66469580e-03, 1.43401967e-02, 1.53011363e-02, 5.76628430e-04,
       1.95593946e-02, 8.36416893e-03, -1.97161473e-02, -8.24316964e-03,
       4.28649597e-03, 1.93944230e-04, 4.56020189e-03, -7.87533727e-03,
       -1.54621282e-03, -1.35868462e-03, 7.56056421e-03, -3.05434369e-04,
       7.12789688e-03, -1.33197512e-02, -1.20690065e-02, 5.17752673e-03,
       -2.48301285e-03, -7.41164759e-03, -3.17932665e-03,
       -1.08217970e-02, -2.09366418e-02, -7.39779370e-03,
       -2.22724974e-02, -4.24043089e-03, 6.80977339e-03, -3.96815408e-03,
       -8.09499808e-03, 1.18152360e-02, -5.69061888e-03, -1.58913452e-02,
       -2.46356204e-02, -4.12247935e-03, -7.91510846e-03, 1.59633104e-02,
       -1.74193527e-03, 7.68471882e-03, 9.30131972e-03, -5.40990522e-03,
       -8.40085093e-03, 2.16391589e-03, 7.21726846e-03, 1.27012087e-02,
       2.26438721e-03, -5.53367892e-03, 5.01435483e-03, 6.20385259e-03,
       2.05646474e-02, -1.85904981e-04, -1.69330987e-03, -2.79720128e-03,
       5.32210246e-03, 1.09235079e-04, 1.59095321e-02, -4.84300312e-03,
       3.46592367e-02, -1.06591079e-02, 1.87098756e-02, -4.86952346e-03,
       1.03489892e-03, -2.13764496e-02, 2.15767734e-02, -5.49503881e-03,
       -4.30168875e-04, 1.82959102e-02, -1.52058704e-02, -7.83010013e-03,
       1.72978621e-02, -1.74238235e-02, -3.37166898e-03, 7.32908351e-03,
       1.23903377e-03, -3.08511010e-03, 1.64898392e-02, -2.64642481e-02,
       -7.87203014e-03, -6.13245706e-04, -7.09381327e-03,
       -2.64839958e-02, 1.51140084e-02, -2.25443561e-02, 1.27454451e-03,
       2.62683872e-02, 2.56210268e-02, 1.16128204e-02, 4.97338129e-03,
       7.89647922e-03, -1.71464849e-02, -9.77796270e-04, -2.40476336e-02,
       1.98868825e-03, 3.40605644e-03, -7.92712718e-03, -8.32269713e-03,
       1.38838738e-02, -7.99730606e-03, -2.28199754e-02, -9.29458532e-03,
       -2.14646254e-02, -1.46368854e-02, -3.53826472e-04,
       -1.70084052e-02, 9.83325299e-03, 7.89767306e-04, 1.18704404e-04,
       -2.65780045e-03, -2.83575617e-02, -2.07051411e-02, 8.37612059e-03,
       -8.89303908e-03, -1.22991595e-02, -3.00779566e-03,
       -1.27888070e-02, -1.19893361e-04, -3.62151898e-02, 2.30633281e-02,
       -1.80478897e-02, -1.57801993e-02, 2.97959568e-03, -1.39525961e-04,
       1.20269461e-02, 2.76137926e-02, -7.38397287e-03, 1.73032552e-03,
       5.23840869e-03, -1.89662538e-02, 1.68702193e-02, 3.25287157e-03,
       8.25233012e-03, 1.69179048e-02, 3.51330359e-03, -1.31283598e-02,
       -2.25153994e-02, -6.85395498e-04, 4.50988067e-03, 7.82404654e-03,
       -2.71403790e-03, -2.07376457e-03, -2.41544899e-02,
       -1.41101908e-02, 1.03530847e-02, 9.75467358e-03, -1.66598801e-02,
       -4.60418779e-03, 1.48051362e-02, 1.08607323e-03, -2.09074561e-03,
       -5.32116136e-03, -2.32801680e-02, -1.74013656e-02, 2.49029160e-03,
       8.29968508e-03, -1.82491671e-02, 1.35843093e-02, 1.18648531e-02,
       2.31531784e-02, 1.53619272e-03, -3.28405038e-03, -1.59045178e-02,
       8.91486648e-03, 6.18348876e-03, -5.95569192e-03, 4.58165444e-03,
       2.07686219e-02, 5.64217381e-03, 2.07643770e-02, 6.98347716e-03,
       -7.81793520e-03, 1.74798261e-04, -7.81062385e-03, 6.44629309e-03,
       -8.23241565e-03, -1.69210751e-02, 1.79144635e-03, -5.41179348e-03,
       -3.11840456e-02, -7.51192681e-03, 4.60371189e-03, -1.72002520e-02,
       1.83453653e-02, 1.46103418e-02, 3.14619695e-03, -1.73840281e-02,
       -2.14043986e-02, -7.56793469e-03, 2.26863828e-02, -4.00570519e-02,
       4.45623975e-03, -1.31134959e-02, 7.81898480e-03, -1.30516582e-03,
