%YAML:1.0
soap--96x96--: !!opencv-object-detector-hog
   winSize: [ 96, 96 ]
   blockSize: [ 16, 16 ]
   blockStride: [ 8, 8 ]
   cellSize: [ 8, 8 ]
   nbins: 9
   derivAperture: 1
   winSigma: 4.
   histogramNormType: 0
   L2HysThreshold: 2.0000000000000001e-01
   gammaCorrection: 1
   nlevels: 64
   signedGradient: 0
   SVMDetector: [ 2.62908288e-03, 9.53217316e-03, 2.17698514e-02,
       9.99178621e-04, 4.31803381e-03, -6.89359196e-03, 1.44537529e-02,
       -5.49985934e-03, -1.32033536e-02, 3.73234064e-03, -5.71842305e-03,
       -8.48628953e-03, -1.40711088e-02, -3.58246118e-02,
       -2.18245611e-02, 6.73188688e-03, -3.26025113e-03, -1.24744105e-03,
       1.38824806e-02, -6.97911158e-03, 2.51498222e-02, 7.03885453e-03,
       -1.12505006e-02, 1.80912891e-03, 8.16204026e-03, -1.78498644e-02,
       4.41215467e-03, -1.20419590e-02, -2.59212428e-03, -7.95388012e-04,
       2.22940352e-02, -1.35880224e-02, -1.57309975e-02, 1.18402978e-02,
       -1.40832020e-02, -2.51959618e-02, -2.48830509e-03,
       -1.69204026e-02, -1.50837330e-03, 1.59483869e-02, 1.08118411e-02,
       -2.05494575e-02, 4.37623961e-03, 6.93059247e-03, -5.10450685e-03,
       1.05700092e-02, -8.45647044e-03, -1.65717527e-02, 1.53707415e-02,
       -2.08062287e-02, -1.30677531e-02, -5.71871037e-03, 5.28957881e-03,
       1.72531772e-02, 6.67370477e-05, 5.02646947e-03, 9.00720991e-03,
       1.01161897e-02, 1.59757063e-02, -2.10175347e-02, 5.32634649e-03,
       -8.46935995e-03, -9.09693260e-03, 1.26152970e-02, 1.36717251e-02,
       5.48886787e-03, 1.92042068e-02, 2.90316355e-04, -1.78051786e-03,
       1.09519242e-04, 3.05247295e-06, 1.37017872e-02, 5.77862933e-03,
       -5.52121736e-03, 7.38439243e-03, 4.43362491e-03, -1.55518642e-02,
       2.06689425e-02, 1.92580931e-03, 2.52619688e-03, 2.19398551e-02,
       -1.57805588e-02, -1.17239710e-02, 1.09201353e-02, -2.05493905e-02,
       -2.06710510e-02, 1.07696326e-02, -1.81023851e-02, 3.66797275e-03,
       -6.82092924e-03, 1.53596485e-02, -5.16375713e-03, -2.37914152e-03,
       1.31861968e-02, 8.70584603e-03, 1.07594356e-02, 3.16797965e-03,
       -5.71328041e-04, 2.26271972e-02, -1.62253007e-02, -1.33676431e-03,
       3.35024763e-03, 5.97855216e-03, -1.36000775e-02, -5.99881774e-03,
       7.01200496e-03, -2.98387138e-03, 8.80642608e-03, 1.03213368e-02,
       1.63814276e-02, -9.68340877e-03, -3.65557969e-02, -9.79481614e-04,
       9.86992661e-03, 8.50779586e-04, -3.32427025e-03, 4.17526811e-03,
       -1.21589135e-02, -3.33433163e-05, -7.72044063e-03,
       -1.04225380e-02, -1.24836862e-02, 2.17079110e-02, -8.96247756e-03,
       6.36036880e-03, -2.01904923e-02, -2.62703514e-03, 4.84255143e-03,
       -7.35209137e-03, -1.62184648e-02, -1.30616603e-02,
       -4.41379612e-03, 8.44080094e-03, -3.39267007e-03, -6.23028819e-03,
       1.15890242e-02, 1.91502727e-03, -1.48550645e-02, 7.12402398e-04,
       -1.40697684e-03, 3.83768044e-02, 1.52453426e-02, -3.02796671e-03,
       5.01448521e-03, 2.48134229e-03, 1.63219385e-02, 1.00595569e-02,
       9.89344623e-03, 1.71365179e-02, 1.69813912e-02, 5.42226073e-04,
       1.64406579e-02, 2.64488366e-02, -2.32065879e-02, 1.08083449e-02,
       7.78699759e-03, 5.00997109e-03, 6.08643517e-03, 2.14058310e-02,
       -5.00783697e-03, 4.52220766e-03, 1.69502813e-02, -1.35799765e-03,
       2.56716949e-03, -3.04960785e-03, -7.87632671e-05, -3.76008684e-03,
       2.92015187e-02, 9.85046942e-03, -2.11426616e-03, -1.73102431e-02,
       -8.66300333e-03, 3.88991437e-03, -8.48846138e-03, 6.74132723e-03,
       -1.82147864e-02, 1.80442315e-02, -5.75260026e-03, -1.26622012e-02,
       -1.36950389e-02, -1.89805757e-02, -1.33347400e-02,
       -2.01550741e-02, -1.20130237e-02, -1.44625464e-02, 1.20630125e-02,
       9.03576426e-03, 7.27421045e-03, -5.10399556e-03, 4.07079904e-04,
       -5.92811964e-03, -3.77701106e-03, -1.07611101e-02,
       -2.29507908e-02, -1.33236917e-03, 2.33034277e-03, 1.80571042e-02,
       4.53233207e-03, 9.32374410e-03, 8.56577419e-03, 2.25693546e-03,
       2.01892690e-03, -4.01068508e-04, 1.40636682e-03, 4.44969954e-03,
       -1.76260341e-02, 5.15931891e-03, 3.95003753e-03, 8.25639069e-03,
       5.38678095e-03, 1.84355192e-02, 5.24105132e-03, 1.01879602e-02,
       -1.00723293e-04, -8.41721147e-03, -9.99194197e-03,
       -1.31707517e-02, -1.26015106e-02, -7.33059645e-03,
       -9.46837850e-03, -2.72732619e-02, -8.86794180e-03,
       -8.10324494e-03, 1.01504149e-02, 4.07568552e-03, 2.61438303e-02,
       -6.20562071e-03, -1.25150308e-02, -3.23202950e-03, 1.17633976e-02,
       1.84314896e-03, -4.98699024e-03, 6.43327832e-04, -9.24914703e-03,
       4.22531506e-03, -1.23356460e-02, -5.95620833e-03, -2.33377349e-02,
       -5.22253523e-03, -9.00165644e-03, 1.00313395e-03, 9.81839839e-03,
       8.99939146e-03, 8.85496568e-03, 1.28771877e-02, 2.18340773e-02,
       -1.97669980e-03, -1.92116667e-02, 2.10452755e-03, -1.65346246e-02,
       1.44055160e-03, 4.37195267e-04, 1.01112872e-02, 2.49180780e-03,
       -6.78184500e-04, -1.72673035e-02, 2.34059598e-02, 4.43145307e-03,
       -3.31037166e-03, -1.66911110e-02, -8.28190614e-03,
       -1.16095808e-03, 1.83125865e-02, -2.44300487e-03, 6.25756569e-03,
       6.94681751e-03, 2.02867892e-02, 1.82422902e-03, -1.12814344e-02,
       -1.32473074e-02, -1.94372423e-02, -1.23229634e-03, 5.32164471e-03,
       -7.40844989e-03, 2.05595847e-02, 2.51563378e-02, -6.88110245e-03,
       -1.09090218e-02, -8.86359438e-03, -4.10924992e-03,
       -1.42934336e-03, -1.43525668e-03, -4.15246439e-04,
       -7.38362782e-03, 1.57097615e-02, -4.57701040e-03, 6.85241446e-03,
       -1.64918993e-02, 1.22107677e-02, 5.23905037e-03, -1.08037274e-02,
       1.06057376e-02, 1.44441715e-02, 4.68305638e-03, 2.27561649e-02,
       1.93914119e-02, 1.07680354e-02, -5.95779251e-03, -2.02244241e-02,
       -6.41153846e-03, -6.68860227e-03, -3.27167590e-03,
       -6.37200335e-03, 1.27922585e-02, 1.98495965e-02, -1.86790079e-02,
       -7.20294891e-03, -3.96959297e-03, -4.34168614e-03,
       -1.61033648e-03, -1.68086067e-02, -7.74952862e-03,
       -4.74852277e-03, 1.90033969e-02, 9.50503629e-03, 2.25760182e-03,
       -1.17545919e-02, 1.10002458e-02, -1.10630821e-02, -1.42526925e-02,
       -3.20986519e-03, -2.16267118e-03, -3.18475114e-03,
       -4.38680174e-03, 6.46961061e-03, -1.16635263e-02, 3.60962399e-03,
       -1.39422501e-02, 3.38365836e-03, -2.57594883e-02, -5.94627229e-04,
       9.00524482e-03, 2.95250043e-02, -9.87035595e-03, -5.09400340e-03,
       1.17310872e-02, 1.04728676e-02, -2.89720427e-02, -1.15747312e-02,
       -5.32455277e-03, -1.05029531e-02, -2.16066535e-03, 4.24333237e-04,
       -1.00579401e-02, 2.51664245e-03, -1.88222062e-02, 4.05646348e-03,
       -1.23964865e-02, -7.78495194e-03, 8.38645454e-03, -5.95848914e-03,
       -3.26189920e-02, -1.10243000e-02, -2.20574010e-02, 7.77574535e-03,
       -2.37574764e-02, 9.61767137e-03, -8.66877567e-03, 1.20995268e-02,
       -1.61212143e-02, 2.44807429e-03, 1.27931905e-03, -3.87340738e-03,
       9.46683250e-03, -2.97325458e-02, -6.61550090e-03, 4.14653122e-03,
       -1.41466046e-02, 2.85830162e-03, -1.05378153e-02, -1.88932586e-02,
       -2.46945992e-02, -2.51104380e-03, 1.70885324e-02, -5.62075106e-03,
       1.77013222e-02, 1.89059763e-04, -5.41424903e-04, 8.56588501e-03,
       -3.98497534e-04, -7.40040466e-03, 3.20703126e-02, -1.17274849e-02,
       -5.42659918e-03, -1.40511794e-02, -5.44101978e-03, 6.04102248e-03,
       -1.76689576e-03, 4.03714040e-03, -1.15017677e-02, 2.44032014e-02,
       -2.22378429e-02, 3.71428579e-03, 3.41460179e-03, -2.47363420e-03,
       -2.18694266e-02, -1.45065668e-03, -1.46231726e-02, 2.91858520e-03,
       7.23637221e-03, -2.67061894e-03, -6.99410390e-04, -1.48611469e-02,
       -1.33240735e-02, -1.77811785e-03, -1.96492765e-03,
       -1.05378926e-02, -5.37681906e-03, 6.94170780e-03, -1.17994789e-02,
       1.19796814e-02, 9.91196092e-03, -1.79925002e-02, -6.13291515e-03,
