wonda:-7.61179208609
milo:-2.52295291595
boss:-4.5944318288
dutchmilk:-4.62640760316
kokokrunch:-16.729597383
