milo:-2.92980550162
dutchmilk:-3.89926254755
kokokrunch:-1.57233974458
