vaseline:-1.1437208905
wd:-1.72913842656
fanta green:-1.05054906219
silicone:-1.92731785625
minute maid:-0.897882484558
nescafe:-2.0868044595
knorr:-1.5666362645
sunlight:-1.10435193417
meter:-3.86434727425
blaster:-4.88117596931
peter pan:-0.913420310155
loreal:-2.96268446908
fanta red:-0.495702865074
quick:-0.706207963055
chocolate milk:-1.11902296972
lactasoy:-0.621055215718
redondo:-2.81318506754
pringles:-5.90955798286
dutchmilk:-0.5
kokokrunch:-0.5
milo:-0.5
